,A,C,D,E,F,G,H,I,K,L,M,N,P,Q,R,S,T,V,W,Y
A,2.089,2.089,2.089,2.089,2.089,2.089,2.089,2.089,2.089,2.089,2.089,2.089,2.089,2.089,2.089,2.089,2.089,2.089,2.089,2.089
C,2.089,2.089,2.089,2.089,2.089,2.089,2.089,2.089,2.089,2.089,2.089,2.089,2.089,2.089,2.089,2.089,2.089,2.089,2.089,2.089
D,2.089,2.089,2.089,2.089,2.089,2.089,2.089,2.089,2.089,2.089,2.089,2.089,2.089,2.089,2.089,2.089,2.089,2.089,2.089,2.089
E,2.089,2.089,2.089,2.089,1.772,1.115,2.4619999999999997,2.194,1.755,1.9449999999999998,1.956,2.879,2.4539999999999997,3.296,3.232,2.8979999999999997,2.591,2.6870000000000003,2.141,2.089
F,2.089,2.089,2.089,1.772,2.089,2.124,1.911,2.1189999999999998,2.104,2.0,1.986,2.0709999999999997,2.159,2.017,2.104,2.0069999999999997,2.013,1.988,2.067,2.089
G,2.089,2.089,2.089,1.115,2.124,2.089,2.089,2.089,2.089,2.089,2.089,2.089,2.089,2.089,2.089,2.089,2.089,2.089,2.089,2.089
H,2.089,2.089,2.089,2.4619999999999997,1.911,2.089,2.089,2.089,2.089,2.089,2.089,2.089,2.089,2.089,2.089,2.089,2.089,2.089,2.089,2.089
I,2.089,2.089,2.089,2.194,2.1189999999999998,2.089,2.089,2.089,1.357,1.6680000000000001,1.9889999999999999,1.849,0.954,1.79,2.996,1.317,2.2279999999999998,1.992,1.986,2.089
K,2.089,2.089,2.089,1.755,2.104,2.089,2.089,1.357,2.089,1.152,2.1020000000000003,2.638,2.096,3.245,1.756,1.442,2.309,1.224,0.889,2.089
L,2.089,2.089,2.089,1.9449999999999998,2.0,2.089,2.089,1.6680000000000001,1.152,2.089,2.09,2.011,1.915,2.181,1.846,2.2270000000000003,2.0300000000000002,2.1029999999999998,2.057,2.089
M,2.089,2.089,2.089,1.956,1.986,2.089,2.089,1.9889999999999999,2.1020000000000003,2.09,2.089,2.089,2.089,2.089,2.089,2.089,2.089,2.089,2.089,2.089
N,2.089,2.089,2.089,2.879,2.0709999999999997,2.089,2.089,1.849,2.638,2.011,2.089,2.089,1.9020000000000001,3.545,1.968,3.58,3.352,1.468,1.5070000000000001,2.089
P,2.089,2.089,2.089,2.4539999999999997,2.159,2.089,2.089,0.954,2.096,1.915,2.089,1.9020000000000001,2.089,2.089,2.089,2.089,2.089,2.089,2.089,2.089
Q,2.089,2.089,2.089,3.296,2.017,2.089,2.089,1.79,3.245,2.181,2.089,3.545,2.089,2.089,2.089,2.089,2.089,2.089,2.089,2.089
R,2.089,2.089,2.089,3.232,2.104,2.089,2.089,2.996,1.756,1.846,2.089,1.968,2.089,2.089,2.089,2.089,2.089,2.089,2.089,2.089
S,2.089,2.089,2.089,2.8979999999999997,2.0069999999999997,2.089,2.089,1.317,1.442,2.2270000000000003,2.089,3.58,2.089,2.089,2.089,2.089,2.653,2.15,1.804,2.089
T,2.089,2.089,2.089,2.591,2.013,2.089,2.089,2.2279999999999998,2.309,2.0300000000000002,2.089,3.352,2.089,2.089,2.089,2.653,2.089,2.089,2.089,2.089
V,2.089,2.089,2.089,2.6870000000000003,1.988,2.089,2.089,1.992,1.224,2.1029999999999998,2.089,1.468,2.089,2.089,2.089,2.15,2.089,2.089,2.089,2.089
W,2.089,2.089,2.089,2.141,2.067,2.089,2.089,1.986,0.889,2.057,2.089,1.5070000000000001,2.089,2.089,2.089,1.804,2.089,2.089,2.089,2.089
Y,2.089,2.089,2.089,2.089,2.089,2.089,2.089,2.089,2.089,2.089,2.089,2.089,2.089,2.089,2.089,2.089,2.089,2.089,2.089,2.089
