,A,C,D,E,F,G,H,I,K,L,M,N,P,Q,R,S,T,V,W,Y
A,2.144,2.144,2.144,2.144,2.144,2.144,2.144,2.144,2.144,2.144,2.144,2.144,2.144,2.144,2.144,2.144,2.144,2.144,2.144,2.144
C,2.144,2.144,2.144,2.144,2.144,2.144,2.144,2.144,2.144,2.144,2.144,2.144,2.144,2.144,2.144,2.144,2.144,2.144,2.144,2.144
D,2.144,2.144,2.144,2.144,2.144,2.144,2.144,2.144,2.144,2.144,2.144,2.144,2.144,2.144,2.144,2.144,2.144,2.144,2.144,2.144
E,2.144,2.144,2.144,2.144,1.85,1.156,2.564,2.26,1.7269999999999999,2.02,2.005,2.981,2.508,3.563,3.243,2.987,2.758,2.7809999999999997,2.2359999999999998,2.144
F,2.144,2.144,2.144,1.85,2.144,2.186,1.9340000000000002,2.201,2.1470000000000002,2.048,2.028,2.125,2.233,2.109,2.161,2.059,2.036,2.02,2.113,2.144
G,2.144,2.144,2.144,1.156,2.186,2.144,2.144,2.144,2.144,2.144,2.144,2.144,2.144,2.144,2.144,2.144,2.144,2.144,2.144,2.144
H,2.144,2.144,2.144,2.564,1.9340000000000002,2.144,2.144,2.144,2.144,2.144,2.144,2.144,2.144,2.144,2.144,2.144,2.144,2.144,2.144,2.144
I,2.144,2.144,2.144,2.26,2.201,2.144,2.144,2.144,1.267,1.633,2.085,1.923,0.98,1.865,3.121,1.221,2.396,2.036,2.101,2.144
K,2.144,2.144,2.144,1.7269999999999999,2.1470000000000002,2.144,2.144,1.267,2.144,1.096,2.124,2.783,2.056,3.627,1.728,1.303,2.341,1.174,0.776,2.144
L,2.144,2.144,2.144,2.02,2.048,2.144,2.144,1.633,1.096,2.144,2.1390000000000002,2.049,1.938,2.242,1.8399999999999999,2.311,2.074,2.16,2.121,2.144
M,2.144,2.144,2.144,2.005,2.028,2.144,2.144,2.085,2.124,2.1390000000000002,2.144,2.144,2.144,2.144,2.144,2.144,2.144,2.144,2.144,2.144
N,2.144,2.144,2.144,2.981,2.125,2.144,2.144,1.923,2.783,2.049,2.144,2.144,1.95,3.667,1.9929999999999999,3.749,3.465,1.491,1.545,2.144
P,2.144,2.144,2.144,2.508,2.233,2.144,2.144,0.98,2.056,1.938,2.144,1.95,2.144,2.144,2.144,2.144,2.144,2.144,2.144,2.144
Q,2.144,2.144,2.144,3.563,2.109,2.144,2.144,1.865,3.627,2.242,2.144,3.667,2.144,2.144,2.144,2.144,2.144,2.144,2.144,2.144
R,2.144,2.144,2.144,3.243,2.161,2.144,2.144,3.121,1.728,1.8399999999999999,2.144,1.9929999999999999,2.144,2.144,2.144,2.144,2.144,2.144,2.144,2.144
S,2.144,2.144,2.144,2.987,2.059,2.144,2.144,1.221,1.303,2.311,2.144,3.749,2.144,2.144,2.144,2.144,2.771,2.1550000000000002,1.8820000000000001,2.144
T,2.144,2.144,2.144,2.758,2.036,2.144,2.144,2.396,2.341,2.074,2.144,3.465,2.144,2.144,2.144,2.771,2.144,2.144,2.144,2.144
V,2.144,2.144,2.144,2.7809999999999997,2.02,2.144,2.144,2.036,1.174,2.16,2.144,1.491,2.144,2.144,2.144,2.1550000000000002,2.144,2.144,2.144,2.144
W,2.144,2.144,2.144,2.2359999999999998,2.113,2.144,2.144,2.101,0.776,2.121,2.144,1.545,2.144,2.144,2.144,1.8820000000000001,2.144,2.144,2.144,2.144
Y,2.144,2.144,2.144,2.144,2.144,2.144,2.144,2.144,2.144,2.144,2.144,2.144,2.144,2.144,2.144,2.144,2.144,2.144,2.144,2.144
