,A,C,D,E,F,G,H,I,K,L,M,N,P,Q,R,S,T,V,W,Y
A,2.183,2.183,2.183,2.183,2.183,2.183,2.183,2.183,2.183,2.183,2.183,2.183,2.183,2.183,2.183,2.183,2.183,2.183,2.183,2.183
C,2.183,2.183,2.0469999999999997,2.149,2.181,2.1479999999999997,2.1559999999999997,1.835,2.143,1.779,1.925,2.293,2.17,2.158,2.3049999999999997,1.95,2.091,1.879,2.077,2.183
D,2.183,2.0469999999999997,2.183,2.183,2.183,2.183,2.183,2.183,2.183,2.183,2.183,2.183,2.183,2.183,2.183,2.183,2.183,2.183,2.183,2.183
E,2.183,2.149,2.183,2.183,2.183,2.183,2.183,2.183,2.183,2.183,2.183,2.183,2.183,2.183,2.183,2.183,2.183,2.183,2.183,2.183
F,2.183,2.181,2.183,2.183,2.183,2.183,2.183,2.183,2.183,2.183,2.183,2.183,2.183,2.183,2.183,2.183,2.183,2.183,2.183,2.183
G,2.183,2.1479999999999997,2.183,2.183,2.183,2.183,2.183,2.183,2.183,2.183,2.183,2.183,2.183,2.183,2.183,2.183,2.183,2.183,2.183,2.183
H,2.183,2.1559999999999997,2.183,2.183,2.183,2.183,2.183,2.183,2.183,2.183,2.183,2.183,2.183,2.183,2.183,2.183,2.183,2.183,2.183,2.183
I,2.183,1.835,2.183,2.183,2.183,2.183,2.183,2.183,2.1390000000000002,2.226,2.395,2.0789999999999997,2.1029999999999998,1.92,2.053,2.245,2.8529999999999998,2.101,1.998,2.183
K,2.183,2.143,2.183,2.183,2.183,2.183,2.183,2.1390000000000002,2.183,2.183,2.183,2.183,2.183,2.183,2.183,2.183,2.183,2.183,2.183,2.183
L,2.183,1.779,2.183,2.183,2.183,2.183,2.183,2.226,2.183,2.183,2.0540000000000003,2.733,2.084,2.072,2.255,2.266,1.9,1.7610000000000001,2.498,2.183
M,2.183,1.925,2.183,2.183,2.183,2.183,2.183,2.395,2.183,2.0540000000000003,2.183,2.018,2.76,1.238,1.874,2.784,2.0620000000000003,1.763,2.846,2.183
N,2.183,2.293,2.183,2.183,2.183,2.183,2.183,2.0789999999999997,2.183,2.733,2.018,2.183,2.183,2.183,2.183,2.183,2.183,2.183,2.183,2.183
P,2.183,2.17,2.183,2.183,2.183,2.183,2.183,2.1029999999999998,2.183,2.084,2.76,2.183,2.183,2.183,2.183,2.183,2.183,2.183,2.183,2.183
Q,2.183,2.158,2.183,2.183,2.183,2.183,2.183,1.92,2.183,2.072,1.238,2.183,2.183,2.183,2.798,1.881,2.276,2.0309999999999997,2.222,2.183
R,2.183,2.3049999999999997,2.183,2.183,2.183,2.183,2.183,2.053,2.183,2.255,1.874,2.183,2.183,2.798,2.183,2.183,2.183,2.183,2.183,2.183
S,2.183,1.95,2.183,2.183,2.183,2.183,2.183,2.245,2.183,2.266,2.784,2.183,2.183,1.881,2.183,2.183,2.124,2.0540000000000003,2.0149999999999997,2.183
T,2.183,2.091,2.183,2.183,2.183,2.183,2.183,2.8529999999999998,2.183,1.9,2.0620000000000003,2.183,2.183,2.276,2.183,2.124,2.183,2.238,1.6400000000000001,2.183
V,2.183,1.879,2.183,2.183,2.183,2.183,2.183,2.101,2.183,1.7610000000000001,1.763,2.183,2.183,2.0309999999999997,2.183,2.0540000000000003,2.238,2.183,2.183,2.183
W,2.183,2.077,2.183,2.183,2.183,2.183,2.183,1.998,2.183,2.498,2.846,2.183,2.183,2.222,2.183,2.0149999999999997,1.6400000000000001,2.183,2.183,2.183
Y,2.183,2.183,2.183,2.183,2.183,2.183,2.183,2.183,2.183,2.183,2.183,2.183,2.183,2.183,2.183,2.183,2.183,2.183,2.183,2.183
