,A,C,D,E,F,G,H,I,K,L,M,N,P,Q,R,S,T,V,W,Y
A,2.121,2.121,2.121,2.121,2.121,2.121,2.121,2.121,2.121,2.121,2.121,2.121,2.121,2.121,2.121,2.121,2.121,2.121,2.121,2.121
C,2.121,2.121,2.121,2.121,2.121,2.121,2.121,2.121,2.121,2.121,2.121,2.121,2.121,2.121,2.121,2.121,2.121,2.121,2.121,2.121
D,2.121,2.121,2.121,2.121,2.121,2.121,2.121,2.121,2.121,2.121,2.121,2.121,2.121,2.121,2.121,2.121,2.121,2.121,2.121,2.121
E,2.121,2.121,2.121,2.121,1.833,1.1400000000000001,2.5060000000000002,2.259,1.726,1.999,1.966,2.908,2.456,3.436,3.18,2.92,2.717,2.778,2.21,2.121
F,2.121,2.121,2.121,1.833,2.121,2.153,1.921,2.165,2.1399999999999997,2.0300000000000002,1.99,2.105,2.193,2.08,2.135,2.0380000000000003,2.02,2.0069999999999997,2.092,2.121
G,2.121,2.121,2.121,1.1400000000000001,2.153,2.121,2.121,2.121,2.121,2.121,2.121,2.121,2.121,2.121,2.121,2.121,2.121,2.121,2.121,2.121
H,2.121,2.121,2.121,2.5060000000000002,1.921,2.121,2.121,2.121,2.121,2.121,2.121,2.121,2.121,2.121,2.121,2.121,2.121,2.121,2.121,2.121
I,2.121,2.121,2.121,2.259,2.165,2.121,2.121,2.121,1.296,1.658,2.061,1.907,1.018,1.858,3.037,1.254,2.342,2.012,2.075,2.121
K,2.121,2.121,2.121,1.726,2.1399999999999997,2.121,2.121,1.296,2.121,1.135,2.1559999999999997,2.67,2.084,3.503,1.722,1.361,2.2809999999999997,1.215,0.817,2.121
L,2.121,2.121,2.121,1.999,2.0300000000000002,2.121,2.121,1.658,1.135,2.121,2.1180000000000003,2.025,1.9340000000000002,2.213,1.8599999999999999,2.271,2.051,2.133,2.088,2.121
M,2.121,2.121,2.121,1.966,1.99,2.121,2.121,2.061,2.1559999999999997,2.1180000000000003,2.121,2.121,2.121,2.121,2.121,2.121,2.121,2.121,2.121,2.121
N,2.121,2.121,2.121,2.908,2.105,2.121,2.121,1.907,2.67,2.025,2.121,2.121,1.932,3.612,1.946,3.663,3.4,1.486,1.525,2.121
P,2.121,2.121,2.121,2.456,2.193,2.121,2.121,1.018,2.084,1.9340000000000002,2.121,1.932,2.121,2.121,2.121,2.121,2.121,2.121,2.121,2.121
Q,2.121,2.121,2.121,3.436,2.08,2.121,2.121,1.858,3.503,2.213,2.121,3.612,2.121,2.121,2.121,2.121,2.121,2.121,2.121,2.121
R,2.121,2.121,2.121,3.18,2.135,2.121,2.121,3.037,1.722,1.8599999999999999,2.121,1.946,2.121,2.121,2.121,2.121,2.121,2.121,2.121,2.121
S,2.121,2.121,2.121,2.92,2.0380000000000003,2.121,2.121,1.254,1.361,2.271,2.121,3.663,2.121,2.121,2.121,2.121,2.697,2.136,1.865,2.121
T,2.121,2.121,2.121,2.717,2.02,2.121,2.121,2.342,2.2809999999999997,2.051,2.121,3.4,2.121,2.121,2.121,2.697,2.121,2.121,2.121,2.121
V,2.121,2.121,2.121,2.778,2.0069999999999997,2.121,2.121,2.012,1.215,2.133,2.121,1.486,2.121,2.121,2.121,2.136,2.121,2.121,2.121,2.121
W,2.121,2.121,2.121,2.21,2.092,2.121,2.121,2.075,0.817,2.088,2.121,1.525,2.121,2.121,2.121,1.865,2.121,2.121,2.121,2.121
Y,2.121,2.121,2.121,2.121,2.121,2.121,2.121,2.121,2.121,2.121,2.121,2.121,2.121,2.121,2.121,2.121,2.121,2.121,2.121,2.121
