,A,C,D,E,F,G,H,I,K,L,M,N,P,Q,R,S,T,V,W,Y
A,2.009,1.452,2.396,1.873,3.083,1.2730000000000001,2.161,1.9969999999999999,2.932,3.127,1.9409999999999998,1.7530000000000001,0.789,2.417,3.267,1.4689999999999999,2.577,2.3680000000000003,3.094,2.009
C,1.452,2.009,1.395,1.459,2.096,1.2650000000000001,1.686,0.236,1.554,-0.026999999999999913,0.847,2.44,1.653,1.716,2.075,0.908,1.385,0.249,1.71,2.009
D,2.396,1.395,2.009,3.632,1.862,3.038,2.85,1.393,3.148,1.436,1.925,2.376,2.8680000000000003,3.247,2.8200000000000003,3.718,3.391,2.887,1.768,2.009
E,1.873,1.459,3.632,2.009,2.7119999999999997,2.739,2.733,2.7030000000000003,2.638,2.732,2.782,2.732,2.791,1.4889999999999999,2.7279999999999998,2.751,2.754,2.751,2.737,2.009
F,3.083,2.096,1.862,2.7119999999999997,2.009,1.817,1.6480000000000001,3.095,2.6790000000000003,3.174,2.6639999999999997,2.1020000000000003,1.365,2.208,2.0949999999999998,1.924,2.209,2.629,1.396,2.009
G,1.2730000000000001,1.2650000000000001,3.038,2.739,1.817,2.009,2.508,2.307,2.518,2.335,1.4769999999999999,2.7350000000000003,1.6280000000000001,2.552,2.474,2.056,2.513,1.018,1.592,2.009
H,2.161,1.686,2.85,2.733,1.6480000000000001,2.508,2.009,2.009,2.009,2.009,2.009,2.009,2.009,2.009,2.009,2.009,2.009,2.009,2.009,2.009
I,1.9969999999999999,0.236,1.393,2.7030000000000003,3.095,2.307,2.009,2.009,2.408,1.742,1.28,1.223,1.067,2.408,1.42,0.617,0.848,1.4929999999999999,1.218,2.009
K,2.932,1.554,3.148,2.638,2.6790000000000003,2.518,2.009,2.408,2.009,1.635,3.025,3.231,3.097,3.24,2.8520000000000003,3.169,3.045,2.851,2.787,2.009
L,3.127,-0.026999999999999913,1.436,2.732,3.174,2.335,2.009,1.742,1.635,2.009,0.43400000000000005,1.8239999999999998,1.907,1.152,2.133,1.732,0.998,1.221,2.505,2.009
M,1.9409999999999998,0.847,1.925,2.782,2.6639999999999997,1.4769999999999999,2.009,1.28,3.025,0.43400000000000005,2.009,1.788,2.5380000000000003,1.246,1.463,1.734,1.9340000000000002,1.633,2.605,2.009
N,1.7530000000000001,2.44,2.376,2.732,2.1020000000000003,2.7350000000000003,2.009,1.223,3.231,1.8239999999999998,1.788,2.009,3.404,3.48,3.789,3.274,3.585,2.395,2.6399999999999997,2.009
P,0.789,1.653,2.8680000000000003,2.791,1.365,1.6280000000000001,2.009,1.067,3.097,1.907,2.5380000000000003,3.404,2.009,2.408,2.259,2.127,2.064,0.903,1.653,2.009
Q,2.417,1.716,3.247,1.4889999999999999,2.208,2.552,2.009,2.408,3.24,1.152,1.246,3.48,2.408,2.009,3.261,2.674,2.958,0.6950000000000001,2.208,2.009
R,3.267,2.075,2.8200000000000003,2.7279999999999998,2.0949999999999998,2.474,2.009,1.42,2.8520000000000003,2.133,1.463,3.789,2.259,3.261,2.009,1.867,1.891,1.5550000000000002,1.65,2.009
S,1.4689999999999999,0.908,3.718,2.751,1.924,2.056,2.009,0.617,3.169,1.732,1.734,3.274,2.127,2.674,1.867,2.009,1.268,0.499,1.827,2.009
T,2.577,1.385,3.391,2.754,2.209,2.513,2.009,0.848,3.045,0.998,1.9340000000000002,3.585,2.064,2.958,1.891,1.268,2.009,0.966,2.425,2.009
V,2.3680000000000003,0.249,2.887,2.751,2.629,1.018,2.009,1.4929999999999999,2.851,1.221,1.633,2.395,0.903,0.6950000000000001,1.5550000000000002,0.499,0.966,2.009,1.712,2.009
W,3.094,1.71,1.768,2.737,1.396,1.592,2.009,1.218,2.787,2.505,2.605,2.6399999999999997,1.653,2.208,1.65,1.827,2.425,1.712,2.009,2.009
Y,2.009,2.009,2.009,2.009,2.009,2.009,2.009,2.009,2.009,2.009,2.009,2.009,2.009,2.009,2.009,2.009,2.009,2.009,2.009,2.009
