,A,C,D,E,F,G,H,I,K,L,M,N,P,Q,R,S,T,V,W,Y
A,2.005,1.445,2.384,1.8559999999999999,3.051,1.2570000000000001,2.144,1.98,2.891,3.089,1.916,1.737,0.787,2.384,3.229,1.464,2.553,2.3440000000000003,3.054,2.005
C,1.445,2.005,1.423,1.486,2.104,1.2770000000000001,1.708,0.29200000000000004,1.584,0.030000000000000027,0.881,2.441,1.679,1.736,2.0869999999999997,0.9410000000000001,1.412,0.29500000000000004,1.726,2.005
D,2.384,1.423,2.005,3.559,1.8780000000000001,3.03,2.839,1.411,3.148,1.46,1.9449999999999998,2.628,2.879,3.208,2.8289999999999997,3.672,3.37,2.888,1.786,2.005
E,1.8559999999999999,1.486,3.559,2.005,2.6959999999999997,2.7119999999999997,2.693,2.677,2.607,2.71,2.747,2.699,2.746,1.5,2.6870000000000003,2.722,2.705,2.734,2.706,2.005
F,3.051,2.104,1.8780000000000001,2.6959999999999997,2.005,1.835,1.651,3.059,2.7,3.142,2.65,2.117,1.374,2.2359999999999998,2.107,1.948,2.216,2.617,1.424,2.005
G,1.2570000000000001,1.2770000000000001,3.03,2.7119999999999997,1.835,2.005,2.4859999999999998,2.285,2.497,2.315,1.475,2.69,1.609,2.509,2.45,2.0380000000000003,2.4850000000000003,1.023,1.5859999999999999,2.005
H,2.144,1.708,2.839,2.693,1.651,2.4859999999999998,2.005,2.005,2.005,2.005,2.005,2.005,2.005,2.005,2.005,2.005,2.005,2.005,2.005,2.005
I,1.98,0.29200000000000004,1.411,2.677,3.059,2.285,2.005,2.005,2.425,1.7109999999999999,1.28,1.228,1.072,2.418,1.425,0.61,0.853,1.482,1.208,2.005
K,2.891,1.584,3.148,2.607,2.7,2.497,2.005,2.425,2.005,1.625,2.997,3.189,3.064,3.178,2.799,3.13,3.016,2.834,2.763,2.005
L,3.089,0.030000000000000027,1.46,2.71,3.142,2.315,2.005,1.7109999999999999,1.625,2.005,0.893,1.862,1.944,1.157,2.166,1.77,0.989,1.307,2.5389999999999997,2.005
M,1.916,0.881,1.9449999999999998,2.747,2.65,1.475,2.005,1.28,2.997,0.893,2.005,1.8639999999999999,2.5309999999999997,1.236,1.513,1.838,1.931,1.6219999999999999,2.721,2.005
N,1.737,2.441,2.628,2.699,2.117,2.69,2.005,1.228,3.189,1.862,1.8639999999999999,2.005,3.388,3.425,3.755,3.223,3.528,2.393,2.6470000000000002,2.005
P,0.787,1.679,2.879,2.746,1.374,1.609,2.005,1.072,3.064,1.944,2.5309999999999997,3.388,2.005,2.393,2.25,2.1020000000000003,2.0540000000000003,0.994,1.6480000000000001,2.005
Q,2.384,1.736,3.208,1.5,2.2359999999999998,2.509,2.005,2.418,3.178,1.157,1.236,3.425,2.393,2.005,2.908,2.6399999999999997,2.925,0.6990000000000001,2.197,2.005
R,3.229,2.0869999999999997,2.8289999999999997,2.6870000000000003,2.107,2.45,2.005,1.425,2.799,2.166,1.513,3.755,2.25,2.908,2.005,1.87,1.8980000000000001,1.5859999999999999,1.666,2.005
S,1.464,0.9410000000000001,3.672,2.722,1.948,2.0380000000000003,2.005,0.61,3.13,1.77,1.838,3.223,2.1020000000000003,2.6399999999999997,1.87,2.005,1.268,0.496,1.819,2.005
T,2.553,1.412,3.37,2.705,2.216,2.4850000000000003,2.005,0.853,3.016,0.989,1.931,3.528,2.0540000000000003,2.925,1.8980000000000001,1.268,2.005,0.9299999999999999,2.436,2.005
V,2.3440000000000003,0.29500000000000004,2.888,2.734,2.617,1.023,2.005,1.482,2.834,1.307,1.6219999999999999,2.393,0.994,0.6990000000000001,1.5859999999999999,0.496,0.9299999999999999,2.005,1.7189999999999999,2.005
W,3.054,1.726,1.786,2.706,1.424,1.5859999999999999,2.005,1.208,2.763,2.5389999999999997,2.721,2.6470000000000002,1.6480000000000001,2.197,1.666,1.819,2.436,1.7189999999999999,2.005,2.005
Y,2.005,2.005,2.005,2.005,2.005,2.005,2.005,2.005,2.005,2.005,2.005,2.005,2.005,2.005,2.005,2.005,2.005,2.005,2.005,2.005
