,A,C,D,E,F,G,H,I,K,L,M,N,P,Q,R,S,T,V,W,Y
A,2.01,1.7309999999999999,2.275,1.657,2.9939999999999998,1.479,1.992,1.838,2.782,3.034,1.741,1.9489999999999998,0.44799999999999995,2.23,3.154,1.6520000000000001,2.4050000000000002,2.1959999999999997,3.001,2.01
C,1.7309999999999999,2.01,1.336,1.4,2.0389999999999997,1.208,1.635,0.11299999999999999,1.501,-0.137,0.757,2.408,1.591,1.6600000000000001,2.025,0.825,1.316,0.124,1.651,2.01
D,2.275,1.336,2.01,3.778,1.925,3.109,2.941,1.456,3.247,1.494,1.991,2.526,2.9539999999999997,3.341,2.908,3.812,3.472,2.935,1.823,2.01
E,1.657,1.4,3.778,2.01,2.749,2.769,2.732,2.74,2.6470000000000002,2.761,2.808,2.742,2.7969999999999997,1.4929999999999999,2.725,2.76,2.766,2.775,2.761,2.01
F,2.9939999999999998,2.0389999999999997,1.925,2.749,2.01,1.812,1.6360000000000001,3.105,2.708,3.181,2.666,2.108,1.3519999999999999,2.222,2.093,1.929,2.214,2.628,1.408,2.01
G,1.479,1.208,3.109,2.769,1.812,2.01,2.502,2.3040000000000003,2.521,2.331,1.46,2.7350000000000003,1.611,2.5469999999999997,2.467,2.044,2.5140000000000002,1.003,1.576,2.01
H,1.992,1.635,2.941,2.732,1.6360000000000001,2.502,2.01,2.01,2.01,2.01,2.01,2.01,2.01,2.01,2.01,2.01,2.01,2.01,2.01,2.01
I,1.838,0.11299999999999999,1.456,2.74,3.105,2.3040000000000003,2.01,2.01,2.404,1.674,1.204,1.223,1.067,2.399,1.415,0.589,0.8109999999999999,1.443,1.211,2.01
K,2.782,1.501,3.247,2.6470000000000002,2.708,2.521,2.01,2.404,2.01,1.592,3.051,3.251,3.117,3.255,2.87,3.194,3.069,2.871,2.8049999999999997,2.01
L,3.034,-0.137,1.494,2.761,3.181,2.331,2.01,1.674,1.592,2.01,0.53,1.888,1.976,1.216,2.043,1.7930000000000001,1.052,1.299,2.592,2.01
M,1.741,0.757,1.991,2.808,2.666,1.46,2.01,1.204,3.051,0.53,2.01,2.09,3.101,0.976,1.346,2.088,1.741,1.308,3.061,2.01
N,1.9489999999999998,2.408,2.526,2.742,2.108,2.7350000000000003,2.01,1.223,3.251,1.888,2.09,2.01,3.504,3.596,3.904,3.414,3.695,2.451,2.725,2.01
P,0.44799999999999995,1.591,2.9539999999999997,2.7969999999999997,1.3519999999999999,1.611,2.01,1.067,3.117,1.976,3.101,3.504,2.01,2.408,2.258,2.138,2.074,0.843,1.94,2.01
Q,2.23,1.6600000000000001,3.341,1.4929999999999999,2.222,2.5469999999999997,2.01,2.399,3.255,1.216,0.976,3.596,2.408,2.01,3.069,2.8129999999999997,3.094,0.5449999999999999,2.341,2.01
R,3.154,2.025,2.908,2.725,2.093,2.467,2.01,1.415,2.87,2.043,1.346,3.904,2.258,3.069,2.01,1.815,1.8519999999999999,1.495,1.607,2.01
S,1.6520000000000001,0.825,3.812,2.76,1.929,2.044,2.01,0.589,3.194,1.7930000000000001,2.088,3.414,2.138,2.8129999999999997,1.815,2.01,1.2389999999999999,0.45699999999999996,1.8519999999999999,2.01
T,2.4050000000000002,1.316,3.472,2.766,2.214,2.5140000000000002,2.01,0.8109999999999999,3.069,1.052,1.741,3.695,2.074,3.094,1.8519999999999999,1.2389999999999999,2.01,0.628,2.7569999999999997,2.01
V,2.1959999999999997,0.124,2.935,2.775,2.628,1.003,2.01,1.443,2.871,1.299,1.308,2.451,0.843,0.5449999999999999,1.495,0.45699999999999996,0.628,2.01,1.6909999999999998,2.01
W,3.001,1.651,1.823,2.761,1.408,1.576,2.01,1.211,2.8049999999999997,2.592,3.061,2.725,1.94,2.341,1.607,1.8519999999999999,2.7569999999999997,1.6909999999999998,2.01,2.01
Y,2.01,2.01,2.01,2.01,2.01,2.01,2.01,2.01,2.01,2.01,2.01,2.01,2.01,2.01,2.01,2.01,2.01,2.01,2.01,2.01
