,A,C,D,E,F,G,H,I,K,L,M,N,P,Q,R,S,T,V,W,Y
A,1.9889999999999999,1.426,2.419,1.8559999999999999,3.13,1.221,2.178,1.998,2.972,3.177,1.937,1.742,0.7130000000000001,2.426,3.332,1.434,2.608,2.38,3.145,1.9889999999999999
C,1.426,1.9889999999999999,1.33,1.3940000000000001,2.049,1.215,1.624,0.06499999999999995,1.496,-0.17100000000000004,0.744,2.42,1.5859999999999999,1.657,2.029,0.8,1.312,0.06899999999999995,1.642,1.9889999999999999
D,2.419,1.33,1.9889999999999999,3.856,1.9220000000000002,3.143,2.976,1.455,3.295,1.499,1.99,2.558,2.972,3.385,2.926,3.858,3.515,2.956,1.8319999999999999,1.9889999999999999
E,1.8559999999999999,1.3940000000000001,3.856,1.9889999999999999,2.76,2.779,2.782,2.74,2.678,2.774,2.8280000000000003,2.7800000000000002,2.831,1.428,2.777,2.7880000000000003,2.8,2.794,2.779,1.9889999999999999
F,3.13,2.049,1.9220000000000002,2.76,1.9889999999999999,1.73,1.5070000000000001,3.015,2.617,3.118,2.566,2.019,1.251,2.129,1.99,1.822,2.108,2.5389999999999997,1.573,1.9889999999999999
G,1.221,1.215,3.143,2.779,1.73,1.9889999999999999,2.451,2.276,2.4450000000000003,2.294,1.2810000000000001,2.5869999999999997,1.415,2.471,2.412,1.8090000000000002,2.442,0.99,1.376,1.9889999999999999
H,2.178,1.624,2.976,2.782,1.5070000000000001,2.451,1.9889999999999999,1.9889999999999999,1.9889999999999999,1.9889999999999999,1.9889999999999999,1.9889999999999999,1.9889999999999999,1.9889999999999999,1.9889999999999999,1.9889999999999999,1.9889999999999999,1.9889999999999999,1.9889999999999999,1.9889999999999999
I,1.998,0.06499999999999995,1.455,2.74,3.015,2.276,1.9889999999999999,1.9889999999999999,2.3369999999999997,1.501,1.014,1.142,0.959,2.338,1.34,0.478,0.64,1.4020000000000001,1.183,1.9889999999999999
K,2.972,1.496,3.295,2.678,2.617,2.4450000000000003,1.9889999999999999,2.3369999999999997,1.9889999999999999,1.608,3.07,3.3,3.153,3.319,2.902,3.219,3.102,2.902,2.8280000000000003,1.9889999999999999
L,3.177,-0.17100000000000004,1.499,2.774,3.118,2.294,1.9889999999999999,1.501,1.608,1.9889999999999999,0.5740000000000001,1.754,1.835,1.159,2.05,1.671,1.042,1.266,2.419,1.9889999999999999
M,1.937,0.744,1.99,2.8280000000000003,2.566,1.2810000000000001,1.9889999999999999,1.014,3.07,0.5740000000000001,1.9889999999999999,1.822,2.6,1.148,1.43,1.774,1.8860000000000001,1.512,2.682,1.9889999999999999
N,1.742,2.42,2.558,2.7800000000000002,2.019,2.5869999999999997,1.9889999999999999,1.142,3.3,1.754,1.822,1.9889999999999999,3.507,3.621,3.927,3.445,3.726,2.4379999999999997,2.702,1.9889999999999999
P,0.7130000000000001,1.5859999999999999,2.972,2.831,1.251,1.415,1.9889999999999999,0.959,3.153,1.835,2.6,3.507,1.9889999999999999,2.479,2.3040000000000003,2.2199999999999998,2.127,0.944,1.71,1.9889999999999999
Q,2.426,1.657,3.385,1.428,2.129,2.471,1.9889999999999999,2.338,3.319,1.159,1.148,3.621,2.479,1.9889999999999999,3.133,2.823,3.108,0.573,2.3440000000000003,1.9889999999999999
R,3.332,2.029,2.926,2.777,1.99,2.412,1.9889999999999999,1.34,2.902,2.05,1.43,3.927,2.3040000000000003,3.133,1.9889999999999999,1.808,1.85,1.486,1.5819999999999999,1.9889999999999999
S,1.434,0.8,3.858,2.7880000000000003,1.822,1.8090000000000002,1.9889999999999999,0.478,3.219,1.671,1.774,3.445,2.2199999999999998,2.823,1.808,1.9889999999999999,1.335,0.17000000000000004,1.643,1.9889999999999999
T,2.608,1.312,3.515,2.8,2.108,2.442,1.9889999999999999,0.64,3.102,1.042,1.8860000000000001,3.726,2.127,3.108,1.85,1.335,1.9889999999999999,0.763,2.518,1.9889999999999999
V,2.38,0.06899999999999995,2.956,2.794,2.5389999999999997,0.99,1.9889999999999999,1.4020000000000001,2.902,1.266,1.512,2.4379999999999997,0.944,0.573,1.486,0.17000000000000004,0.763,1.9889999999999999,1.631,1.9889999999999999
W,3.145,1.642,1.8319999999999999,2.779,1.573,1.376,1.9889999999999999,1.183,2.8280000000000003,2.419,2.682,2.702,1.71,2.3440000000000003,1.5819999999999999,1.643,2.518,1.631,1.9889999999999999,1.9889999999999999
Y,1.9889999999999999,1.9889999999999999,1.9889999999999999,1.9889999999999999,1.9889999999999999,1.9889999999999999,1.9889999999999999,1.9889999999999999,1.9889999999999999,1.9889999999999999,1.9889999999999999,1.9889999999999999,1.9889999999999999,1.9889999999999999,1.9889999999999999,1.9889999999999999,1.9889999999999999,1.9889999999999999,1.9889999999999999,1.9889999999999999
