,A,C,D,E,F,G,H,I,K,L,M,N,P,Q,R,S,T,V,W,Y
A,2.316,2.316,2.316,2.316,2.316,2.316,2.316,2.316,2.316,2.316,2.316,2.316,2.316,2.316,2.316,2.316,2.316,2.316,2.316,2.316
C,2.316,2.316,2.316,2.316,2.316,2.316,2.316,2.316,2.316,2.316,2.316,2.316,2.316,2.316,2.316,2.316,2.316,2.316,2.316,2.316
D,2.316,2.316,2.316,2.316,2.316,2.316,2.316,2.316,2.316,2.316,2.316,2.316,2.316,2.316,2.316,2.316,2.316,2.316,2.316,2.316
E,2.316,2.316,2.316,2.316,2.809,2.832,3.143,2.771,3.216,2.748,2.9379999999999997,3.104,3.002,0.357,3.113,3.099,3.055,2.888,2.865,2.316
F,2.316,2.316,2.316,2.809,2.316,2.409,2.71,3.028,2.966,3.239,3.104,2.7030000000000003,2.714,2.776,2.588,2.81,2.8040000000000003,2.847,3.21,2.316
G,2.316,2.316,2.316,2.832,2.409,2.316,2.316,2.316,2.316,2.316,2.316,2.316,2.316,2.316,2.316,2.316,2.316,2.316,2.316,2.316
H,2.316,2.316,2.316,3.143,2.71,2.316,2.316,2.316,2.316,2.316,2.316,2.316,2.316,2.316,2.316,2.316,2.316,2.316,2.316,2.316
I,2.316,2.316,2.316,2.771,3.028,2.316,2.316,2.316,3.427,1.829,0.44199999999999995,2.574,2.181,3.491,2.536,0.363,-0.9299999999999999,1.603,2.371,2.316
K,2.316,2.316,2.316,3.216,2.966,2.316,2.316,3.427,2.316,2.793,2.9530000000000003,3.152,3.023,3.269,3.206,3.097,2.9850000000000003,2.839,2.8200000000000003,2.316
L,2.316,2.316,2.316,2.748,3.239,2.316,2.316,1.829,2.793,2.316,2.316,2.316,2.316,2.316,2.316,2.316,2.316,2.316,2.316,2.316
M,2.316,2.316,2.316,2.9379999999999997,3.104,2.316,2.316,0.44199999999999995,2.9530000000000003,2.316,2.316,3.02,3.013,-0.5209999999999999,3.043,3.026,0.28500000000000003,-0.08600000000000008,3.095,2.316
N,2.316,2.316,2.316,3.104,2.7030000000000003,2.316,2.316,2.574,3.152,2.316,3.02,2.316,2.91,3.149,3.095,3.217,3.167,2.777,2.8600000000000003,2.316
P,2.316,2.316,2.316,3.002,2.714,2.316,2.316,2.181,3.023,2.316,3.013,2.91,2.316,2.316,2.316,2.316,2.316,2.316,2.316,2.316
Q,2.316,2.316,2.316,0.357,2.776,2.316,2.316,3.491,3.269,2.316,-0.5209999999999999,3.149,2.316,2.316,2.316,2.316,2.316,2.316,2.316,2.316
R,2.316,2.316,2.316,3.113,2.588,2.316,2.316,2.536,3.206,2.316,3.043,3.095,2.316,2.316,2.316,2.316,2.316,2.316,2.316,2.316
S,2.316,2.316,2.316,3.099,2.81,2.316,2.316,0.363,3.097,2.316,3.026,3.217,2.316,2.316,2.316,2.316,2.316,2.316,2.316,2.316
T,2.316,2.316,2.316,3.055,2.8040000000000003,2.316,2.316,-0.9299999999999999,2.9850000000000003,2.316,0.28500000000000003,3.167,2.316,2.316,2.316,2.316,2.316,2.316,2.316,2.316
V,2.316,2.316,2.316,2.888,2.847,2.316,2.316,1.603,2.839,2.316,-0.08600000000000008,2.777,2.316,2.316,2.316,2.316,2.316,2.316,2.316,2.316
W,2.316,2.316,2.316,2.865,3.21,2.316,2.316,2.371,2.8200000000000003,2.316,3.095,2.8600000000000003,2.316,2.316,2.316,2.316,2.316,2.316,2.316,2.316
Y,2.316,2.316,2.316,2.316,2.316,2.316,2.316,2.316,2.316,2.316,2.316,2.316,2.316,2.316,2.316,2.316,2.316,2.316,2.316,2.316
