,A,C,D,E,F,G,H,I,K,L,M,N,P,Q,R,S,T,V,W,Y
A,2.009,1.424,2.374,1.8639999999999999,3.056,1.248,2.13,1.971,2.904,3.097,1.917,1.7229999999999999,0.789,2.388,3.244,1.451,2.5549999999999997,2.3369999999999997,3.061,2.009
C,1.424,2.009,1.407,1.461,2.09,1.252,1.689,0.257,1.558,0.0,0.866,2.4299999999999997,1.6560000000000001,1.7189999999999999,2.0700000000000003,0.915,1.3940000000000001,0.26,1.71,2.009
D,2.374,1.407,2.009,3.596,1.8599999999999999,3.027,2.841,1.395,3.143,1.87,1.917,2.365,2.87,3.217,2.818,3.692,3.379,2.879,1.764,2.009
E,1.8639999999999999,1.461,3.596,2.009,2.717,2.73,2.706,2.705,2.6029999999999998,2.7359999999999998,2.7640000000000002,2.714,2.768,1.5270000000000001,2.693,2.7199999999999998,2.723,2.7430000000000003,2.729,2.009
F,3.056,2.09,1.8599999999999999,2.717,2.009,1.806,1.638,3.075,2.689,3.161,2.66,2.1,1.358,2.223,2.088,1.927,2.197,2.613,1.393,2.009
G,1.248,1.252,3.027,2.73,1.806,2.009,2.498,2.2969999999999997,2.503,2.318,1.461,2.7119999999999997,1.604,2.533,2.4619999999999997,2.042,2.4930000000000003,1.012,1.573,2.009
H,2.13,1.689,2.841,2.706,1.638,2.498,2.009,2.009,2.009,2.009,2.009,2.009,2.009,2.009,2.009,2.009,2.009,2.009,2.009,2.009
I,1.971,0.257,1.395,2.705,3.075,2.2969999999999997,2.009,2.009,2.415,1.725,1.274,1.233,1.075,2.4130000000000003,1.429,0.617,0.853,1.495,1.216,2.009
K,2.904,1.558,3.143,2.6029999999999998,2.689,2.503,2.009,2.415,2.009,1.6280000000000001,3.005,3.214,3.075,3.221,2.825,3.15,3.026,2.84,2.7720000000000002,2.009
L,3.097,0.0,1.87,2.7359999999999998,3.161,2.318,2.009,1.725,1.6280000000000001,2.009,0.536,1.831,1.915,1.156,2.133,1.742,1.19,1.296,2.51,2.009
M,1.917,0.866,1.917,2.7640000000000002,2.66,1.461,2.009,1.274,3.005,0.536,2.009,1.775,2.536,1.177,1.541,1.746,1.835,1.462,2.6100000000000003,2.009
N,1.7229999999999999,2.4299999999999997,2.365,2.714,2.1,2.7119999999999997,2.009,1.233,3.214,1.831,1.775,2.009,3.395,3.449,3.776,3.234,3.553,2.3819999999999997,2.633,2.009
P,0.789,1.6560000000000001,2.87,2.768,1.358,1.604,2.009,1.075,3.075,1.915,2.536,3.395,2.009,2.391,2.25,2.106,2.052,0.992,1.642,2.009
Q,2.388,1.7189999999999999,3.217,1.5270000000000001,2.223,2.533,2.009,2.4130000000000003,3.221,1.156,1.177,3.449,2.391,2.009,3.248,2.683,2.955,0.6890000000000001,2.4539999999999997,2.009
R,3.244,2.0700000000000003,2.818,2.693,2.088,2.4619999999999997,2.009,1.429,2.825,2.133,1.541,3.776,2.25,3.248,2.009,1.859,1.883,1.549,1.646,2.009
S,1.451,0.915,3.692,2.7199999999999998,1.927,2.042,2.009,0.617,3.15,1.742,1.746,3.234,2.106,2.683,1.859,2.009,1.295,0.534,1.854,2.009
T,2.5549999999999997,1.3940000000000001,3.379,2.723,2.197,2.4930000000000003,2.009,0.853,3.026,1.19,1.835,3.553,2.052,2.955,1.883,1.295,2.009,0.8140000000000001,2.433,2.009
V,2.3369999999999997,0.26,2.879,2.7430000000000003,2.613,1.012,2.009,1.495,2.84,1.296,1.462,2.3819999999999997,0.992,0.6890000000000001,1.549,0.534,0.8140000000000001,2.009,1.705,2.009
W,3.061,1.71,1.764,2.729,1.393,1.573,2.009,1.216,2.7720000000000002,2.51,2.6100000000000003,2.633,1.642,2.4539999999999997,1.646,1.854,2.433,1.705,2.009,2.009
Y,2.009,2.009,2.009,2.009,2.009,2.009,2.009,2.009,2.009,2.009,2.009,2.009,2.009,2.009,2.009,2.009,2.009,2.009,2.009,2.009
