,A,C,D,E,F,G,H,I,K,L,M,N,P,Q,R,S,T,V,W,Y
A,2.465,2.465,2.465,2.465,2.465,2.465,2.465,2.465,2.465,2.465,2.465,2.465,2.465,2.465,2.465,2.465,2.465,2.465,2.465,2.465
C,2.465,2.465,2.465,2.465,2.465,2.465,2.465,2.465,2.465,2.465,2.465,2.465,2.465,2.465,2.465,2.465,2.465,2.465,2.465,2.465
D,2.465,2.465,2.465,3.589,1.71,3.282,2.683,1.492,3.433,2.864,1.749,2.798,3.26,2.841,3.212,3.56,3.306,2.901,1.6680000000000001,2.465
E,2.465,2.465,3.589,2.465,2.465,2.465,2.465,2.465,2.465,2.465,2.465,2.465,2.465,2.465,2.465,2.465,2.465,2.465,2.465,2.465
F,2.465,2.465,1.71,2.465,2.465,2.465,2.465,2.465,2.465,2.465,2.465,2.465,2.465,2.465,2.465,2.465,2.465,2.465,2.465,2.465
G,2.465,2.465,3.282,2.465,2.465,2.465,2.465,2.465,2.465,2.465,2.465,2.465,2.465,2.465,2.465,2.465,2.465,2.465,2.465,2.465
H,2.465,2.465,2.683,2.465,2.465,2.465,2.465,2.465,2.465,2.465,2.465,2.465,2.465,2.465,2.465,2.465,2.465,2.465,2.465,2.465
I,2.465,2.465,1.492,2.465,2.465,2.465,2.465,2.465,2.465,2.465,2.465,2.465,2.465,2.465,2.465,2.465,2.465,2.465,2.465,2.465
K,2.465,2.465,3.433,2.465,2.465,2.465,2.465,2.465,2.465,2.465,2.465,2.465,2.465,2.465,2.465,2.465,2.465,2.465,2.465,2.465
L,2.465,2.465,2.864,2.465,2.465,2.465,2.465,2.465,2.465,2.465,1.525,3.231,3.251,1.976,3.316,3.291,2.189,1.943,3.618,2.465
M,2.465,2.465,1.749,2.465,2.465,2.465,2.465,2.465,2.465,1.525,2.465,2.705,3.434,1.542,0.906,2.2119999999999997,2.545,1.77,2.676,2.465
N,2.465,2.465,2.798,2.465,2.465,2.465,2.465,2.465,2.465,3.231,2.705,2.465,3.04,3.5,3.338,3.661,3.451,2.8049999999999997,2.9139999999999997,2.465
P,2.465,2.465,3.26,2.465,2.465,2.465,2.465,2.465,2.465,3.251,3.434,3.04,2.465,3.24,3.116,3.32,3.187,0.667,3.011,2.465
Q,2.465,2.465,2.841,2.465,2.465,2.465,2.465,2.465,2.465,1.976,1.542,3.5,3.24,2.465,2.482,3.22,3.7,0.34299999999999997,2.909,2.465
R,2.465,2.465,3.212,2.465,2.465,2.465,2.465,2.465,2.465,3.316,0.906,3.338,3.116,2.482,2.465,2.465,2.465,2.465,2.465,2.465
S,2.465,2.465,3.56,2.465,2.465,2.465,2.465,2.465,2.465,3.291,2.2119999999999997,3.661,3.32,3.22,2.465,2.465,2.465,2.465,2.465,2.465
T,2.465,2.465,3.306,2.465,2.465,2.465,2.465,2.465,2.465,2.189,2.545,3.451,3.187,3.7,2.465,2.465,2.465,0.16400000000000003,3.358,2.465
V,2.465,2.465,2.901,2.465,2.465,2.465,2.465,2.465,2.465,1.943,1.77,2.8049999999999997,0.667,0.34299999999999997,2.465,2.465,0.16400000000000003,2.465,2.465,2.465
W,2.465,2.465,1.6680000000000001,2.465,2.465,2.465,2.465,2.465,2.465,3.618,2.676,2.9139999999999997,3.011,2.909,2.465,2.465,3.358,2.465,2.465,2.465
Y,2.465,2.465,2.465,2.465,2.465,2.465,2.465,2.465,2.465,2.465,2.465,2.465,2.465,2.465,2.465,2.465,2.465,2.465,2.465,2.465
