,A,C,D,E,F,G,H,I,K,L,M,N,P,Q,R,S,T,V,W,Y
A,2.005,1.441,2.409,1.859,3.103,1.24,2.1630000000000003,1.995,2.943,3.144,1.935,1.746,0.748,2.4210000000000003,3.295,1.468,2.577,2.377,3.109,2.005
C,1.441,2.005,1.8820000000000001,1.791,2.34,1.459,1.998,0.46699999999999997,1.873,0.20199999999999996,1.112,2.21,1.9689999999999999,2.0220000000000002,1.859,0.87,1.423,0.471,2.177,2.005
D,2.409,1.8820000000000001,2.005,3.792,1.928,3.11,2.963,1.46,3.258,1.501,1.995,2.541,2.9530000000000003,3.356,2.904,3.815,3.482,2.934,1.838,2.005
E,1.859,1.791,3.792,2.005,2.741,2.76,2.742,2.725,2.646,2.753,2.802,2.7560000000000002,2.794,1.479,2.7279999999999998,2.755,2.761,2.767,2.762,2.005
F,3.103,2.34,1.928,2.741,2.005,1.8199999999999998,1.6440000000000001,3.117,2.7119999999999997,3.197,2.669,2.113,1.357,2.221,2.098,1.932,2.2119999999999997,2.643,1.4060000000000001,2.005
G,1.24,1.459,3.11,2.76,1.8199999999999998,2.005,2.524,2.314,2.5380000000000003,2.341,1.48,2.741,1.629,2.5540000000000003,2.488,2.061,2.51,1.018,1.595,2.005
H,2.1630000000000003,1.998,2.963,2.742,1.6440000000000001,2.524,2.005,2.005,2.005,2.005,2.005,2.005,2.005,2.005,2.005,2.005,2.005,2.005,2.005,2.005
I,1.995,0.46699999999999997,1.46,2.725,3.117,2.314,2.005,2.005,2.33,1.5110000000000001,1.018,1.149,0.966,2.325,1.6560000000000001,0.481,0.642,1.437,1.088,2.005
K,2.943,1.873,3.258,2.646,2.7119999999999997,2.5380000000000003,2.005,2.33,2.005,1.623,3.048,3.264,3.127,3.263,2.875,3.194,3.079,2.878,2.808,2.005
L,3.144,0.20199999999999996,1.501,2.753,3.197,2.341,2.005,1.5110000000000001,1.623,2.005,0.579,1.763,1.947,1.192,2.0620000000000003,1.682,1.023,1.32,2.435,2.005
M,1.935,1.112,1.995,2.802,2.669,1.48,2.005,1.018,3.048,0.579,2.005,1.7690000000000001,2.5460000000000003,1.047,1.366,1.717,1.802,1.724,2.6100000000000003,2.005
N,1.746,2.21,2.541,2.7560000000000002,2.113,2.741,2.005,1.149,3.264,1.763,1.7690000000000001,2.005,3.465,3.584,3.876,3.412,3.686,2.427,2.699,2.005
P,0.748,1.9689999999999999,2.9530000000000003,2.794,1.357,1.629,2.005,0.966,3.127,1.947,2.5460000000000003,3.465,2.005,2.476,2.3120000000000003,2.223,2.136,0.947,1.716,2.005
Q,2.4210000000000003,2.0220000000000002,3.356,1.479,2.221,2.5540000000000003,2.005,2.325,3.263,1.192,1.047,3.584,2.476,2.005,2.958,2.716,3.001,0.46499999999999997,2.447,2.005
R,3.295,1.859,2.904,2.7279999999999998,2.098,2.488,2.005,1.6560000000000001,2.875,2.0620000000000003,1.366,3.876,2.3120000000000003,2.958,2.005,1.79,1.815,1.464,1.561,2.005
S,1.468,0.87,3.815,2.755,1.932,2.061,2.005,0.481,3.194,1.682,1.717,3.412,2.223,2.716,1.79,2.005,1.263,0.501,1.869,2.005
T,2.577,1.423,3.482,2.761,2.2119999999999997,2.51,2.005,0.642,3.079,1.023,1.802,3.686,2.136,3.001,1.815,1.263,2.005,0.637,2.464,2.005
V,2.377,0.471,2.934,2.767,2.643,1.018,2.005,1.437,2.878,1.32,1.724,2.427,0.947,0.46499999999999997,1.464,0.501,0.637,2.005,1.647,2.005
W,3.109,2.177,1.838,2.762,1.4060000000000001,1.595,2.005,1.088,2.808,2.435,2.6100000000000003,2.699,1.716,2.447,1.561,1.869,2.464,1.647,2.005,2.005
Y,2.005,2.005,2.005,2.005,2.005,2.005,2.005,2.005,2.005,2.005,2.005,2.005,2.005,2.005,2.005,2.005,2.005,2.005,2.005,2.005
