,A,C,D,E,F,G,H,I,K,L,M,N,P,Q,R,S,T,V,W,Y
A,2.128,2.128,2.128,2.128,2.128,2.128,2.128,2.128,2.128,2.128,2.128,2.128,2.128,2.128,2.128,2.128,2.128,2.128,2.128,2.128
C,2.128,2.128,2.128,2.128,2.128,2.128,2.128,2.128,2.128,2.128,2.128,2.128,2.128,2.128,2.128,2.128,2.128,2.128,2.128,2.128
D,2.128,2.128,2.128,2.128,2.128,2.128,2.128,2.128,2.128,2.128,2.128,2.128,2.128,2.128,2.128,2.128,2.128,2.128,2.128,2.128
E,2.128,2.128,2.128,2.128,1.845,1.142,2.527,2.258,1.6989999999999998,2.017,1.982,2.935,2.479,3.455,3.205,2.9459999999999997,2.726,2.778,2.223,2.128
F,2.128,2.128,2.128,1.845,2.128,2.142,1.921,2.177,2.1319999999999997,2.0460000000000003,1.996,2.113,2.266,2.108,2.1319999999999997,2.044,2.036,2.02,2.097,2.128
G,2.128,2.128,2.128,1.142,2.142,2.128,2.128,2.128,2.128,2.128,2.128,2.128,2.128,2.128,2.128,2.128,2.128,2.128,2.128,2.128
H,2.128,2.128,2.128,2.527,1.921,2.128,2.128,2.128,2.128,2.128,2.128,2.128,2.128,2.128,2.128,2.128,2.128,2.128,2.128,2.128
I,2.128,2.128,2.128,2.258,2.177,2.128,2.128,2.128,1.276,1.647,2.067,1.92,1.003,1.8639999999999999,3.105,1.232,2.347,2.013,2.089,2.128
K,2.128,2.128,2.128,1.6989999999999998,2.1319999999999997,2.128,2.128,1.276,2.128,1.219,2.284,2.625,2.033,3.603,1.843,1.37,2.317,1.228,0.765,2.128
L,2.128,2.128,2.128,2.017,2.0460000000000003,2.128,2.128,1.647,1.219,2.128,2.123,2.021,1.907,2.205,1.833,2.3040000000000003,2.044,2.133,2.0869999999999997,2.128
M,2.128,2.128,2.128,1.982,1.996,2.128,2.128,2.067,2.284,2.123,2.128,2.128,2.128,2.128,2.128,2.128,2.128,2.128,2.128,2.128
N,2.128,2.128,2.128,2.935,2.113,2.128,2.128,1.92,2.625,2.021,2.128,2.128,1.938,3.636,1.968,3.7,3.433,1.488,1.537,2.128
P,2.128,2.128,2.128,2.479,2.266,2.128,2.128,1.003,2.033,1.907,2.128,1.938,2.128,2.128,2.128,2.128,2.128,2.128,2.128,2.128
Q,2.128,2.128,2.128,3.455,2.108,2.128,2.128,1.8639999999999999,3.603,2.205,2.128,3.636,2.128,2.128,2.128,2.128,2.128,2.128,2.128,2.128
R,2.128,2.128,2.128,3.205,2.1319999999999997,2.128,2.128,3.105,1.843,1.833,2.128,1.968,2.128,2.128,2.128,2.128,2.128,2.128,2.128,2.128
S,2.128,2.128,2.128,2.9459999999999997,2.044,2.128,2.128,1.232,1.37,2.3040000000000003,2.128,3.7,2.128,2.128,2.128,2.128,2.7649999999999997,2.138,1.871,2.128
T,2.128,2.128,2.128,2.726,2.036,2.128,2.128,2.347,2.317,2.044,2.128,3.433,2.128,2.128,2.128,2.7649999999999997,2.128,2.128,2.128,2.128
V,2.128,2.128,2.128,2.778,2.02,2.128,2.128,2.013,1.228,2.133,2.128,1.488,2.128,2.128,2.128,2.138,2.128,2.128,2.128,2.128
W,2.128,2.128,2.128,2.223,2.097,2.128,2.128,2.089,0.765,2.0869999999999997,2.128,1.537,2.128,2.128,2.128,1.871,2.128,2.128,2.128,2.128
Y,2.128,2.128,2.128,2.128,2.128,2.128,2.128,2.128,2.128,2.128,2.128,2.128,2.128,2.128,2.128,2.128,2.128,2.128,2.128,2.128
