,A,C,D,E,F,G,H,I,K,L,M,N,P,Q,R,S,T,V,W,Y
A,1.983,1.2530000000000001,2.26,1.819,3.072,1.133,2.009,1.817,2.9059999999999997,3.128,1.7770000000000001,1.575,0.636,2.3289999999999997,3.304,1.264,2.537,2.268,3.077,1.983
C,1.2530000000000001,1.983,1.31,1.371,2.049,1.145,1.6059999999999999,0.052000000000000046,1.471,-0.16199999999999992,0.736,2.416,1.571,1.639,2.0060000000000002,0.798,1.321,0.05300000000000005,1.634,1.983
D,2.26,1.31,1.983,3.857,1.895,3.135,2.947,1.403,3.279,1.453,1.955,2.432,2.956,3.387,2.9050000000000002,3.913,3.544,2.965,1.79,1.983
E,1.819,1.371,3.857,1.983,2.793,2.825,2.8449999999999998,2.7729999999999997,2.7560000000000002,2.7960000000000003,2.8810000000000002,2.857,2.896,1.374,2.846,2.874,2.87,2.8449999999999998,2.818,1.983
F,3.072,2.049,1.895,2.793,1.983,1.694,1.529,3.107,2.676,3.31,2.682,1.996,1.2530000000000001,2.176,1.9969999999999999,1.838,2.123,2.5780000000000003,1.228,1.983
G,1.133,1.145,3.135,2.825,1.694,1.983,2.5620000000000003,2.346,2.5709999999999997,2.365,1.461,2.814,1.611,2.613,2.521,2.074,2.5629999999999997,0.987,1.5779999999999998,1.983
H,2.009,1.6059999999999999,2.947,2.8449999999999998,1.529,2.5620000000000003,1.983,1.983,1.983,1.983,1.983,1.983,1.983,1.983,1.983,1.983,1.983,1.983,1.983,1.983
I,1.817,0.052000000000000046,1.403,2.7729999999999997,3.107,2.346,1.983,1.983,2.3209999999999997,1.712,1.23,1.154,0.985,2.3200000000000003,1.339,0.527,0.6970000000000001,1.413,1.109,1.983
K,2.9059999999999997,1.471,3.279,2.7560000000000002,2.676,2.5709999999999997,1.983,2.3209999999999997,1.983,1.5979999999999999,3.11,3.382,3.213,3.432,3.008,3.292,3.152,2.9210000000000003,2.857,1.983
L,3.128,-0.16199999999999992,1.453,2.7960000000000003,3.31,2.365,1.983,1.712,1.5979999999999999,1.983,0.5509999999999999,1.821,1.904,1.218,2.125,1.741,1.066,1.296,2.527,1.983
M,1.7770000000000001,0.736,1.955,2.8810000000000002,2.682,1.461,1.983,1.23,3.11,0.5509999999999999,1.983,1.767,2.752,1.182,1.463,1.8399999999999999,1.959,1.5699999999999998,2.771,1.983
N,1.575,2.416,2.432,2.857,1.996,2.814,1.983,1.154,3.382,1.821,1.767,1.983,3.484,4.042,3.928,3.797,4.036,3.022,3.305,1.983
P,0.636,1.571,2.956,2.896,1.2530000000000001,1.611,1.983,0.985,3.213,1.904,2.752,3.484,1.983,2.513,2.334,2.252,2.162,0.965,1.729,1.983
Q,2.3289999999999997,1.639,3.387,1.374,2.176,2.613,1.983,2.3200000000000003,3.432,1.218,1.182,4.042,2.513,1.983,3.178,2.8520000000000003,3.131,0.569,2.3369999999999997,1.983
R,3.304,2.0060000000000002,2.9050000000000002,2.846,1.9969999999999999,2.521,1.983,1.339,3.008,2.125,1.463,3.928,2.334,3.178,1.983,1.8,1.829,1.453,1.5659999999999998,1.983
S,1.264,0.798,3.913,2.874,1.838,2.074,1.983,0.527,3.292,1.741,1.8399999999999999,3.797,2.252,2.8520000000000003,1.8,1.983,1.164,0.44699999999999995,1.278,1.983
T,2.537,1.321,3.544,2.87,2.123,2.5629999999999997,1.983,0.6970000000000001,3.152,1.066,1.959,4.036,2.162,3.131,1.829,1.164,1.983,0.732,2.351,1.983
V,2.268,0.05300000000000005,2.965,2.8449999999999998,2.5780000000000003,0.987,1.983,1.413,2.9210000000000003,1.296,1.5699999999999998,3.022,0.965,0.569,1.453,0.44699999999999995,0.732,1.983,1.5939999999999999,1.983
W,3.077,1.634,1.79,2.818,1.228,1.5779999999999998,1.983,1.109,2.857,2.527,2.771,3.305,1.729,2.3369999999999997,1.5659999999999998,1.278,2.351,1.5939999999999999,1.983,1.983
Y,1.983,1.983,1.983,1.983,1.983,1.983,1.983,1.983,1.983,1.983,1.983,1.983,1.983,1.983,1.983,1.983,1.983,1.983,1.983,1.983
