,A,C,D,E,F,G,H,I,K,L,M,N,P,Q,R,S,T,V,W,Y
A,2.09,2.09,2.09,2.09,2.09,2.09,2.09,2.09,2.09,2.09,2.09,2.09,2.09,2.09,2.09,2.09,2.09,2.09,2.09,2.09
C,2.09,2.09,2.09,2.09,2.09,2.09,2.09,2.09,2.09,2.09,2.09,2.09,2.09,2.09,2.09,2.09,2.09,2.09,2.09,2.09
D,2.09,2.09,2.09,2.09,2.09,2.09,2.09,2.09,2.09,2.09,2.09,2.09,2.09,2.09,2.09,2.09,2.09,2.09,2.09,2.09
E,2.09,2.09,2.09,2.09,1.835,1.105,2.4530000000000003,2.266,1.7,2.011,1.948,2.87,2.44,3.288,3.138,2.8819999999999997,2.6790000000000003,2.77,2.2119999999999997,2.09
F,2.09,2.09,2.09,1.835,2.09,2.088,1.923,2.1,2.0789999999999997,2.021,1.9769999999999999,2.04,2.1390000000000002,2.069,2.081,2.02,2.009,1.9969999999999999,2.0629999999999997,2.09
G,2.09,2.09,2.09,1.105,2.088,2.09,2.09,2.09,2.09,2.09,2.09,2.09,2.09,2.09,2.09,2.09,2.09,2.09,2.09,2.09
H,2.09,2.09,2.09,2.4530000000000003,1.923,2.09,2.09,2.09,2.09,2.09,2.09,2.09,2.09,2.09,2.09,2.09,2.09,2.09,2.09,2.09
I,2.09,2.09,2.09,2.266,2.1,2.09,2.09,2.09,1.295,1.6949999999999998,2.024,1.932,1.023,1.867,3.021,1.178,2.309,1.988,2.072,2.09
K,2.09,2.09,2.09,1.7,2.0789999999999997,2.09,2.09,1.295,2.09,1.139,2.269,2.557,2.0949999999999998,3.525,1.65,1.326,2.302,1.146,0.8,2.09
L,2.09,2.09,2.09,2.011,2.021,2.09,2.09,1.6949999999999998,1.139,2.09,2.092,2.028,1.8820000000000001,2.1479999999999997,1.862,2.192,2.043,2.083,2.029,2.09
M,2.09,2.09,2.09,1.948,1.9769999999999999,2.09,2.09,2.024,2.269,2.092,2.09,2.09,2.09,2.09,2.09,2.09,2.09,2.09,2.09,2.09
N,2.09,2.09,2.09,2.87,2.04,2.09,2.09,1.932,2.557,2.028,2.09,2.09,1.9729999999999999,3.544,1.968,3.587,3.343,1.454,1.562,2.09
P,2.09,2.09,2.09,2.44,2.1390000000000002,2.09,2.09,1.023,2.0949999999999998,1.8820000000000001,2.09,1.9729999999999999,2.09,2.09,2.09,2.09,2.09,2.09,2.09,2.09
Q,2.09,2.09,2.09,3.288,2.069,2.09,2.09,1.867,3.525,2.1479999999999997,2.09,3.544,2.09,2.09,2.09,2.09,2.09,2.09,2.09,2.09
R,2.09,2.09,2.09,3.138,2.081,2.09,2.09,3.021,1.65,1.862,2.09,1.968,2.09,2.09,2.09,2.09,2.09,2.09,2.09,2.09
S,2.09,2.09,2.09,2.8819999999999997,2.02,2.09,2.09,1.178,1.326,2.192,2.09,3.587,2.09,2.09,2.09,2.09,2.535,2.136,1.8780000000000001,2.09
T,2.09,2.09,2.09,2.6790000000000003,2.009,2.09,2.09,2.309,2.302,2.043,2.09,3.343,2.09,2.09,2.09,2.535,2.09,2.09,2.09,2.09
V,2.09,2.09,2.09,2.77,1.9969999999999999,2.09,2.09,1.988,1.146,2.083,2.09,1.454,2.09,2.09,2.09,2.136,2.09,2.09,2.09,2.09
W,2.09,2.09,2.09,2.2119999999999997,2.0629999999999997,2.09,2.09,2.072,0.8,2.029,2.09,1.562,2.09,2.09,2.09,1.8780000000000001,2.09,2.09,2.09,2.09
Y,2.09,2.09,2.09,2.09,2.09,2.09,2.09,2.09,2.09,2.09,2.09,2.09,2.09,2.09,2.09,2.09,2.09,2.09,2.09,2.09
