,A,C,D,E,F,G,H,I,K,L,M,N,P,Q,R,S,T,V,W,Y
A,2.1310000000000002,2.1310000000000002,2.1310000000000002,2.1310000000000002,2.1310000000000002,2.1310000000000002,2.1310000000000002,2.1310000000000002,2.1310000000000002,2.1310000000000002,2.1310000000000002,2.1310000000000002,2.1310000000000002,2.1310000000000002,2.1310000000000002,2.1310000000000002,2.1310000000000002,2.1310000000000002,2.1310000000000002,2.1310000000000002
C,2.1310000000000002,2.1310000000000002,2.1310000000000002,2.1310000000000002,2.1310000000000002,2.1310000000000002,2.1310000000000002,2.1310000000000002,2.1310000000000002,2.1310000000000002,2.1310000000000002,2.1310000000000002,2.1310000000000002,2.1310000000000002,2.1310000000000002,2.1310000000000002,2.1310000000000002,2.1310000000000002,2.1310000000000002,2.1310000000000002
D,2.1310000000000002,2.1310000000000002,2.1310000000000002,2.1310000000000002,2.1310000000000002,2.1310000000000002,2.1310000000000002,2.1310000000000002,2.1310000000000002,2.1310000000000002,2.1310000000000002,2.1310000000000002,2.1310000000000002,2.1310000000000002,2.1310000000000002,2.1310000000000002,2.1310000000000002,2.1310000000000002,2.1310000000000002,2.1310000000000002
E,2.1310000000000002,2.1310000000000002,2.1310000000000002,2.1310000000000002,1.87,1.169,2.5629999999999997,2.201,1.675,1.959,1.929,2.968,2.509,3.498,3.116,2.872,2.7649999999999997,2.8209999999999997,2.252,2.1310000000000002
F,2.1310000000000002,2.1310000000000002,2.1310000000000002,1.87,2.1310000000000002,2.169,1.942,2.15,2.1189999999999998,2.05,2.0149999999999997,2.123,2.189,2.085,2.1550000000000002,2.056,2.0220000000000002,2.035,2.0869999999999997,2.1310000000000002
G,2.1310000000000002,2.1310000000000002,2.1310000000000002,1.169,2.169,2.1310000000000002,2.1310000000000002,2.1310000000000002,2.1310000000000002,2.1310000000000002,2.1310000000000002,2.1310000000000002,2.1310000000000002,2.1310000000000002,2.1310000000000002,2.1310000000000002,2.1310000000000002,2.1310000000000002,2.1310000000000002,2.1310000000000002
H,2.1310000000000002,2.1310000000000002,2.1310000000000002,2.5629999999999997,1.942,2.1310000000000002,2.1310000000000002,2.1310000000000002,2.1310000000000002,2.1310000000000002,2.1310000000000002,2.1310000000000002,2.1310000000000002,2.1310000000000002,2.1310000000000002,2.1310000000000002,2.1310000000000002,2.1310000000000002,2.1310000000000002,2.1310000000000002
I,2.1310000000000002,2.1310000000000002,2.1310000000000002,2.201,2.15,2.1310000000000002,2.1310000000000002,2.1310000000000002,1.31,1.6640000000000001,2.066,1.9300000000000002,1.031,1.881,3.067,1.2730000000000001,2.38,2.024,2.098,2.1310000000000002
K,2.1310000000000002,2.1310000000000002,2.1310000000000002,1.675,2.1189999999999998,2.1310000000000002,2.1310000000000002,1.31,2.1310000000000002,1.174,2.126,2.636,2.1470000000000002,3.545,1.687,1.408,2.34,1.256,0.853,2.1310000000000002
L,2.1310000000000002,2.1310000000000002,2.1310000000000002,1.959,2.05,2.1310000000000002,2.1310000000000002,1.6640000000000001,1.174,2.1310000000000002,2.133,2.058,1.938,2.234,1.861,2.262,2.069,2.138,2.114,2.1310000000000002
M,2.1310000000000002,2.1310000000000002,2.1310000000000002,1.929,2.0149999999999997,2.1310000000000002,2.1310000000000002,2.066,2.126,2.133,2.1310000000000002,2.1310000000000002,2.1310000000000002,2.1310000000000002,2.1310000000000002,2.1310000000000002,2.1310000000000002,2.1310000000000002,2.1310000000000002,2.1310000000000002
N,2.1310000000000002,2.1310000000000002,2.1310000000000002,2.968,2.123,2.1310000000000002,2.1310000000000002,1.9300000000000002,2.636,2.058,2.1310000000000002,2.1310000000000002,1.951,3.644,1.9729999999999999,3.699,3.434,1.498,1.545,2.1310000000000002
P,2.1310000000000002,2.1310000000000002,2.1310000000000002,2.509,2.189,2.1310000000000002,2.1310000000000002,1.031,2.1470000000000002,1.938,2.1310000000000002,1.951,2.1310000000000002,2.1310000000000002,2.1310000000000002,2.1310000000000002,2.1310000000000002,2.1310000000000002,2.1310000000000002,2.1310000000000002
Q,2.1310000000000002,2.1310000000000002,2.1310000000000002,3.498,2.085,2.1310000000000002,2.1310000000000002,1.881,3.545,2.234,2.1310000000000002,3.644,2.1310000000000002,2.1310000000000002,2.1310000000000002,2.1310000000000002,2.1310000000000002,2.1310000000000002,2.1310000000000002,2.1310000000000002
R,2.1310000000000002,2.1310000000000002,2.1310000000000002,3.116,2.1550000000000002,2.1310000000000002,2.1310000000000002,3.067,1.687,1.861,2.1310000000000002,1.9729999999999999,2.1310000000000002,2.1310000000000002,2.1310000000000002,2.1310000000000002,2.1310000000000002,2.1310000000000002,2.1310000000000002,2.1310000000000002
S,2.1310000000000002,2.1310000000000002,2.1310000000000002,2.872,2.056,2.1310000000000002,2.1310000000000002,1.2730000000000001,1.408,2.262,2.1310000000000002,3.699,2.1310000000000002,2.1310000000000002,2.1310000000000002,2.1310000000000002,2.734,2.167,1.901,2.1310000000000002
T,2.1310000000000002,2.1310000000000002,2.1310000000000002,2.7649999999999997,2.0220000000000002,2.1310000000000002,2.1310000000000002,2.38,2.34,2.069,2.1310000000000002,3.434,2.1310000000000002,2.1310000000000002,2.1310000000000002,2.734,2.1310000000000002,2.1310000000000002,2.1310000000000002,2.1310000000000002
V,2.1310000000000002,2.1310000000000002,2.1310000000000002,2.8209999999999997,2.035,2.1310000000000002,2.1310000000000002,2.024,1.256,2.138,2.1310000000000002,1.498,2.1310000000000002,2.1310000000000002,2.1310000000000002,2.167,2.1310000000000002,2.1310000000000002,2.1310000000000002,2.1310000000000002
W,2.1310000000000002,2.1310000000000002,2.1310000000000002,2.252,2.0869999999999997,2.1310000000000002,2.1310000000000002,2.098,0.853,2.114,2.1310000000000002,1.545,2.1310000000000002,2.1310000000000002,2.1310000000000002,1.901,2.1310000000000002,2.1310000000000002,2.1310000000000002,2.1310000000000002
Y,2.1310000000000002,2.1310000000000002,2.1310000000000002,2.1310000000000002,2.1310000000000002,2.1310000000000002,2.1310000000000002,2.1310000000000002,2.1310000000000002,2.1310000000000002,2.1310000000000002,2.1310000000000002,2.1310000000000002,2.1310000000000002,2.1310000000000002,2.1310000000000002,2.1310000000000002,2.1310000000000002,2.1310000000000002,2.1310000000000002
