,A,C,D,E,F,G,H,I,K,L,M,N,P,Q,R,S,T,V,W,Y
A,2.124,2.124,2.124,2.124,2.124,2.124,2.124,2.124,2.124,2.124,2.124,2.124,2.124,2.124,2.124,2.124,2.124,2.124,2.124,2.124
C,2.124,2.124,2.124,2.124,2.124,2.124,2.124,2.124,2.124,2.124,2.124,2.124,2.124,2.124,2.124,2.124,2.124,2.124,2.124,2.124
D,2.124,2.124,2.124,2.124,2.124,2.124,2.124,2.124,2.124,2.124,2.124,2.124,2.124,2.124,2.124,2.124,2.124,2.124,2.124,2.124
E,2.124,2.124,2.124,2.124,1.841,1.176,2.473,2.226,1.6949999999999998,1.9689999999999999,1.935,2.872,2.483,3.399,3.144,2.8899999999999997,2.75,2.777,2.221,2.124
F,2.124,2.124,2.124,1.841,2.124,2.117,1.956,2.1479999999999997,2.106,2.059,2.009,2.101,2.1630000000000003,2.092,2.109,2.042,2.044,2.021,2.096,2.124
G,2.124,2.124,2.124,1.176,2.117,2.124,2.124,2.124,2.124,2.124,2.124,2.124,2.124,2.124,2.124,2.124,2.124,2.124,2.124,2.124
H,2.124,2.124,2.124,2.473,1.956,2.124,2.124,2.124,2.124,2.124,2.124,2.124,2.124,2.124,2.124,2.124,2.124,2.124,2.124,2.124
I,2.124,2.124,2.124,2.226,2.1479999999999997,2.124,2.124,2.124,1.3519999999999999,1.69,2.158,1.9609999999999999,1.208,1.9020000000000001,3.015,1.455,2.365,2.0140000000000002,2.12,2.124
K,2.124,2.124,2.124,1.6949999999999998,2.106,2.124,2.124,1.3519999999999999,2.124,1.18,2.226,2.717,2.149,3.381,1.688,1.315,2.252,1.196,0.851,2.124
L,2.124,2.124,2.124,1.9689999999999999,2.059,2.124,2.124,1.69,1.18,2.124,2.124,2.042,1.9489999999999998,2.174,1.8780000000000001,2.255,2.056,2.127,2.105,2.124
M,2.124,2.124,2.124,1.935,2.009,2.124,2.124,2.158,2.226,2.124,2.124,2.124,2.124,2.124,2.124,2.124,2.124,2.124,2.124,2.124
N,2.124,2.124,2.124,2.872,2.101,2.124,2.124,1.9609999999999999,2.717,2.042,2.124,2.124,1.917,3.577,1.937,3.629,3.382,1.476,1.522,2.124
P,2.124,2.124,2.124,2.483,2.1630000000000003,2.124,2.124,1.208,2.149,1.9489999999999998,2.124,1.917,2.124,2.124,2.124,2.124,2.124,2.124,2.124,2.124
Q,2.124,2.124,2.124,3.399,2.092,2.124,2.124,1.9020000000000001,3.381,2.174,2.124,3.577,2.124,2.124,2.124,2.124,2.124,2.124,2.124,2.124
R,2.124,2.124,2.124,3.144,2.109,2.124,2.124,3.015,1.688,1.8780000000000001,2.124,1.937,2.124,2.124,2.124,2.124,2.124,2.124,2.124,2.124
S,2.124,2.124,2.124,2.8899999999999997,2.042,2.124,2.124,1.455,1.315,2.255,2.124,3.629,2.124,2.124,2.124,2.124,2.612,2.218,1.8599999999999999,2.124
T,2.124,2.124,2.124,2.75,2.044,2.124,2.124,2.365,2.252,2.056,2.124,3.382,2.124,2.124,2.124,2.612,2.124,2.124,2.124,2.124
V,2.124,2.124,2.124,2.777,2.021,2.124,2.124,2.0140000000000002,1.196,2.127,2.124,1.476,2.124,2.124,2.124,2.218,2.124,2.124,2.124,2.124
W,2.124,2.124,2.124,2.221,2.096,2.124,2.124,2.12,0.851,2.105,2.124,1.522,2.124,2.124,2.124,1.8599999999999999,2.124,2.124,2.124,2.124
Y,2.124,2.124,2.124,2.124,2.124,2.124,2.124,2.124,2.124,2.124,2.124,2.124,2.124,2.124,2.124,2.124,2.124,2.124,2.124,2.124
