,A,C,D,E,F,G,H,I,K,L,M,N,P,Q,R,S,T,V,W,Y
A,2.098,2.098,2.098,2.098,2.098,2.098,2.098,2.098,2.098,2.098,2.098,2.098,2.098,2.098,2.098,2.098,2.098,2.098,2.098,2.098
C,2.098,2.098,2.098,2.098,2.098,2.098,2.098,2.098,2.098,2.098,2.098,2.098,2.098,2.098,2.098,2.098,2.098,2.098,2.098,2.098
D,2.098,2.098,2.098,2.098,2.098,2.098,2.098,2.098,2.098,2.098,2.098,2.098,2.098,2.098,2.098,2.098,2.098,2.098,2.098,2.098
E,2.098,2.098,2.098,2.098,1.847,1.109,2.452,2.191,1.758,1.943,1.951,2.863,2.441,3.267,3.135,2.88,2.6950000000000003,2.676,2.1319999999999997,2.098
F,2.098,2.098,2.098,1.847,2.098,2.127,1.911,2.13,2.104,2.025,1.986,2.067,2.17,2.064,2.104,2.021,2.002,2.0060000000000002,2.064,2.098
G,2.098,2.098,2.098,1.109,2.127,2.098,2.098,2.098,2.098,2.098,2.098,2.098,2.098,2.098,2.098,2.098,2.098,2.098,2.098,2.098
H,2.098,2.098,2.098,2.452,1.911,2.098,2.098,2.098,2.098,2.098,2.098,2.098,2.098,2.098,2.098,2.098,2.098,2.098,2.098,2.098
I,2.098,2.098,2.098,2.191,2.13,2.098,2.098,2.098,1.433,1.712,2.066,1.8239999999999998,1.163,1.967,3.061,1.392,2.258,2.0,2.04,2.098
K,2.098,2.098,2.098,1.758,2.104,2.098,2.098,1.433,2.098,1.143,2.176,2.617,2.081,3.292,1.758,1.435,2.286,1.213,0.885,2.098
L,2.098,2.098,2.098,1.943,2.025,2.098,2.098,1.712,1.143,2.098,2.096,2.016,1.915,2.1710000000000003,1.854,2.24,2.0309999999999997,2.108,2.074,2.098
M,2.098,2.098,2.098,1.951,1.986,2.098,2.098,2.066,2.176,2.096,2.098,2.098,2.098,2.098,2.098,2.098,2.098,2.098,2.098,2.098
N,2.098,2.098,2.098,2.863,2.067,2.098,2.098,1.8239999999999998,2.617,2.016,2.098,2.098,1.8820000000000001,3.505,1.947,3.541,3.313,1.454,1.492,2.098
P,2.098,2.098,2.098,2.441,2.17,2.098,2.098,1.163,2.081,1.915,2.098,1.8820000000000001,2.098,2.098,2.098,2.098,2.098,2.098,2.098,2.098
Q,2.098,2.098,2.098,3.267,2.064,2.098,2.098,1.967,3.292,2.1710000000000003,2.098,3.505,2.098,2.098,2.098,2.098,2.098,2.098,2.098,2.098
R,2.098,2.098,2.098,3.135,2.104,2.098,2.098,3.061,1.758,1.854,2.098,1.947,2.098,2.098,2.098,2.098,2.098,2.098,2.098,2.098
S,2.098,2.098,2.098,2.88,2.021,2.098,2.098,1.392,1.435,2.24,2.098,3.541,2.098,2.098,2.098,2.098,2.535,2.067,1.806,2.098
T,2.098,2.098,2.098,2.6950000000000003,2.002,2.098,2.098,2.258,2.286,2.0309999999999997,2.098,3.313,2.098,2.098,2.098,2.535,2.098,2.098,2.098,2.098
V,2.098,2.098,2.098,2.676,2.0060000000000002,2.098,2.098,2.0,1.213,2.108,2.098,1.454,2.098,2.098,2.098,2.067,2.098,2.098,2.098,2.098
W,2.098,2.098,2.098,2.1319999999999997,2.064,2.098,2.098,2.04,0.885,2.074,2.098,1.492,2.098,2.098,2.098,1.806,2.098,2.098,2.098,2.098
Y,2.098,2.098,2.098,2.098,2.098,2.098,2.098,2.098,2.098,2.098,2.098,2.098,2.098,2.098,2.098,2.098,2.098,2.098,2.098,2.098
