,A,C,D,E,F,G,H,I,K,L,M,N,P,Q,R,S,T,V,W,Y
A,2.0949999999999998,2.0949999999999998,2.0949999999999998,2.0949999999999998,2.0949999999999998,2.0949999999999998,2.0949999999999998,2.0949999999999998,2.0949999999999998,2.0949999999999998,2.0949999999999998,2.0949999999999998,2.0949999999999998,2.0949999999999998,2.0949999999999998,2.0949999999999998,2.0949999999999998,2.0949999999999998,2.0949999999999998,2.0949999999999998
C,2.0949999999999998,2.0949999999999998,2.0949999999999998,2.0949999999999998,2.0949999999999998,2.0949999999999998,2.0949999999999998,2.0949999999999998,2.0949999999999998,2.0949999999999998,2.0949999999999998,2.0949999999999998,2.0949999999999998,2.0949999999999998,2.0949999999999998,2.0949999999999998,2.0949999999999998,2.0949999999999998,2.0949999999999998,2.0949999999999998
D,2.0949999999999998,2.0949999999999998,2.0949999999999998,2.0949999999999998,2.0949999999999998,2.0949999999999998,2.0949999999999998,2.0949999999999998,2.0949999999999998,2.0949999999999998,2.0949999999999998,2.0949999999999998,2.0949999999999998,2.0949999999999998,2.0949999999999998,2.0949999999999998,2.0949999999999998,2.0949999999999998,2.0949999999999998,2.0949999999999998
E,2.0949999999999998,2.0949999999999998,2.0949999999999998,2.0949999999999998,1.904,1.15,2.408,2.253,1.791,2.004,2.0069999999999997,2.8280000000000003,2.4139999999999997,3.308,3.097,2.8440000000000003,2.653,2.751,2.1950000000000003,2.0949999999999998
F,2.0949999999999998,2.0949999999999998,2.0949999999999998,1.904,2.0949999999999998,2.076,1.9300000000000002,2.117,2.1020000000000003,2.027,1.982,2.0700000000000003,2.125,2.0549999999999997,2.106,2.0140000000000002,2.005,1.996,2.061,2.0949999999999998
G,2.0949999999999998,2.0949999999999998,2.0949999999999998,1.15,2.076,2.0949999999999998,2.0949999999999998,2.0949999999999998,2.0949999999999998,2.0949999999999998,2.0949999999999998,2.0949999999999998,2.0949999999999998,2.0949999999999998,2.0949999999999998,2.0949999999999998,2.0949999999999998,2.0949999999999998,2.0949999999999998,2.0949999999999998
H,2.0949999999999998,2.0949999999999998,2.0949999999999998,2.408,1.9300000000000002,2.0949999999999998,2.0949999999999998,2.0949999999999998,2.0949999999999998,2.0949999999999998,2.0949999999999998,2.0949999999999998,2.0949999999999998,2.0949999999999998,2.0949999999999998,2.0949999999999998,2.0949999999999998,2.0949999999999998,2.0949999999999998,2.0949999999999998
I,2.0949999999999998,2.0949999999999998,2.0949999999999998,2.253,2.117,2.0949999999999998,2.0949999999999998,2.0949999999999998,1.2530000000000001,1.6909999999999998,2.067,1.9929999999999999,1.11,1.931,3.04,1.343,2.3600000000000003,1.9929999999999999,2.128,2.0949999999999998
K,2.0949999999999998,2.0949999999999998,2.0949999999999998,1.791,2.1020000000000003,2.0949999999999998,2.0949999999999998,1.2530000000000001,2.0949999999999998,1.12,2.138,2.6319999999999997,2.0629999999999997,3.44,1.7029999999999998,1.337,2.2560000000000002,1.203,0.806,2.0949999999999998
L,2.0949999999999998,2.0949999999999998,2.0949999999999998,2.004,2.027,2.0949999999999998,2.0949999999999998,1.6909999999999998,1.12,2.0949999999999998,2.091,2.004,1.907,2.183,1.833,2.2359999999999998,2.026,2.105,2.074,2.0949999999999998
M,2.0949999999999998,2.0949999999999998,2.0949999999999998,2.0069999999999997,1.982,2.0949999999999998,2.0949999999999998,2.067,2.138,2.091,2.0949999999999998,2.0949999999999998,2.0949999999999998,2.0949999999999998,2.0949999999999998,2.0949999999999998,2.0949999999999998,2.0949999999999998,2.0949999999999998,2.0949999999999998
N,2.0949999999999998,2.0949999999999998,2.0949999999999998,2.8280000000000003,2.0700000000000003,2.0949999999999998,2.0949999999999998,1.9929999999999999,2.6319999999999997,2.004,2.0949999999999998,2.0949999999999998,1.887,3.526,1.9529999999999998,3.689,3.334,1.458,1.495,2.0949999999999998
P,2.0949999999999998,2.0949999999999998,2.0949999999999998,2.4139999999999997,2.125,2.0949999999999998,2.0949999999999998,1.11,2.0629999999999997,1.907,2.0949999999999998,1.887,2.0949999999999998,2.0949999999999998,2.0949999999999998,2.0949999999999998,2.0949999999999998,2.0949999999999998,2.0949999999999998,2.0949999999999998
Q,2.0949999999999998,2.0949999999999998,2.0949999999999998,3.308,2.0549999999999997,2.0949999999999998,2.0949999999999998,1.931,3.44,2.183,2.0949999999999998,3.526,2.0949999999999998,2.0949999999999998,2.0949999999999998,2.0949999999999998,2.0949999999999998,2.0949999999999998,2.0949999999999998,2.0949999999999998
R,2.0949999999999998,2.0949999999999998,2.0949999999999998,3.097,2.106,2.0949999999999998,2.0949999999999998,3.04,1.7029999999999998,1.833,2.0949999999999998,1.9529999999999998,2.0949999999999998,2.0949999999999998,2.0949999999999998,2.0949999999999998,2.0949999999999998,2.0949999999999998,2.0949999999999998,2.0949999999999998
S,2.0949999999999998,2.0949999999999998,2.0949999999999998,2.8440000000000003,2.0140000000000002,2.0949999999999998,2.0949999999999998,1.343,1.337,2.2359999999999998,2.0949999999999998,3.689,2.0949999999999998,2.0949999999999998,2.0949999999999998,2.0949999999999998,2.653,2.1189999999999998,1.869,2.0949999999999998
T,2.0949999999999998,2.0949999999999998,2.0949999999999998,2.653,2.005,2.0949999999999998,2.0949999999999998,2.3600000000000003,2.2560000000000002,2.026,2.0949999999999998,3.334,2.0949999999999998,2.0949999999999998,2.0949999999999998,2.653,2.0949999999999998,2.0949999999999998,2.0949999999999998,2.0949999999999998
V,2.0949999999999998,2.0949999999999998,2.0949999999999998,2.751,1.996,2.0949999999999998,2.0949999999999998,1.9929999999999999,1.203,2.105,2.0949999999999998,1.458,2.0949999999999998,2.0949999999999998,2.0949999999999998,2.1189999999999998,2.0949999999999998,2.0949999999999998,2.0949999999999998,2.0949999999999998
W,2.0949999999999998,2.0949999999999998,2.0949999999999998,2.1950000000000003,2.061,2.0949999999999998,2.0949999999999998,2.128,0.806,2.074,2.0949999999999998,1.495,2.0949999999999998,2.0949999999999998,2.0949999999999998,1.869,2.0949999999999998,2.0949999999999998,2.0949999999999998,2.0949999999999998
Y,2.0949999999999998,2.0949999999999998,2.0949999999999998,2.0949999999999998,2.0949999999999998,2.0949999999999998,2.0949999999999998,2.0949999999999998,2.0949999999999998,2.0949999999999998,2.0949999999999998,2.0949999999999998,2.0949999999999998,2.0949999999999998,2.0949999999999998,2.0949999999999998,2.0949999999999998,2.0949999999999998,2.0949999999999998,2.0949999999999998
