,A,C,D,E,F,G,H,I,K,L,M,N,P,Q,R,S,T,V,W,Y
A,2.138,2.138,2.138,2.138,2.138,2.138,2.138,2.138,2.138,2.138,2.138,2.138,2.138,2.138,2.138,2.138,2.138,2.138,2.138,2.138
C,2.138,2.138,2.138,2.138,2.138,2.138,2.138,2.138,2.138,2.138,2.138,2.138,2.138,2.138,2.138,2.138,2.138,2.138,2.138,2.138
D,2.138,2.138,2.138,2.138,2.138,2.138,2.138,2.138,2.138,2.138,2.138,2.138,2.138,2.138,2.138,2.138,2.138,2.138,2.138,2.138
E,2.138,2.138,2.138,2.138,1.843,1.147,2.5220000000000002,2.253,1.7149999999999999,2.011,1.983,2.926,2.479,3.432,3.186,2.94,2.723,2.766,2.2199999999999998,2.138
F,2.138,2.138,2.138,1.843,2.138,2.154,1.968,2.159,2.1390000000000002,2.065,2.0309999999999997,2.105,2.185,2.1109999999999998,2.145,2.053,2.053,2.032,2.107,2.138
G,2.138,2.138,2.138,1.147,2.154,2.138,2.138,2.138,2.138,2.138,2.138,2.138,2.138,2.138,2.138,2.138,2.138,2.138,2.138,2.138
H,2.138,2.138,2.138,2.5220000000000002,1.968,2.138,2.138,2.138,2.138,2.138,2.138,2.138,2.138,2.138,2.138,2.138,2.138,2.138,2.138,2.138
I,2.138,2.138,2.138,2.253,2.159,2.138,2.138,2.138,1.238,1.6800000000000002,2.192,1.9409999999999998,1.178,2.02,3.085,1.293,2.399,2.04,2.0309999999999997,2.138
K,2.138,2.138,2.138,1.7149999999999999,2.1390000000000002,2.138,2.138,1.238,2.138,1.227,2.283,2.7270000000000003,2.042,3.561,1.752,1.391,2.3209999999999997,1.2429999999999999,0.844,2.138
L,2.138,2.138,2.138,2.011,2.065,2.138,2.138,1.6800000000000002,1.227,2.138,2.1390000000000002,2.0629999999999997,1.951,2.226,1.865,2.314,2.051,2.152,2.0940000000000003,2.138
M,2.138,2.138,2.138,1.983,2.0309999999999997,2.138,2.138,2.192,2.283,2.1390000000000002,2.138,2.138,2.138,2.138,2.138,2.138,2.138,2.138,2.138,2.138
N,2.138,2.138,2.138,2.926,2.105,2.138,2.138,1.9409999999999998,2.7270000000000003,2.0629999999999997,2.138,2.138,1.936,3.612,1.967,3.677,3.415,1.483,1.532,2.138
P,2.138,2.138,2.138,2.479,2.185,2.138,2.138,1.178,2.042,1.951,2.138,1.936,2.138,2.138,2.138,2.138,2.138,2.138,2.138,2.138
Q,2.138,2.138,2.138,3.432,2.1109999999999998,2.138,2.138,2.02,3.561,2.226,2.138,3.612,2.138,2.138,2.138,2.138,2.138,2.138,2.138,2.138
R,2.138,2.138,2.138,3.186,2.145,2.138,2.138,3.085,1.752,1.865,2.138,1.967,2.138,2.138,2.138,2.138,2.138,2.138,2.138,2.138
S,2.138,2.138,2.138,2.94,2.053,2.138,2.138,1.293,1.391,2.314,2.138,3.677,2.138,2.138,2.138,2.138,2.6719999999999997,2.213,1.933,2.138
T,2.138,2.138,2.138,2.723,2.053,2.138,2.138,2.399,2.3209999999999997,2.051,2.138,3.415,2.138,2.138,2.138,2.6719999999999997,2.138,2.138,2.138,2.138
V,2.138,2.138,2.138,2.766,2.032,2.138,2.138,2.04,1.2429999999999999,2.152,2.138,1.483,2.138,2.138,2.138,2.213,2.138,2.138,2.138,2.138
W,2.138,2.138,2.138,2.2199999999999998,2.107,2.138,2.138,2.0309999999999997,0.844,2.0940000000000003,2.138,1.532,2.138,2.138,2.138,1.933,2.138,2.138,2.138,2.138
Y,2.138,2.138,2.138,2.138,2.138,2.138,2.138,2.138,2.138,2.138,2.138,2.138,2.138,2.138,2.138,2.138,2.138,2.138,2.138,2.138
