,A,C,D,E,F,G,H,I,K,L,M,N,P,Q,R,S,T,V,W,Y
A,2.083,2.083,2.083,2.083,2.083,2.083,2.083,2.083,2.083,2.083,2.083,2.083,2.083,2.083,2.083,2.083,2.083,2.083,2.083,2.083
C,2.083,2.083,2.083,2.083,2.083,2.083,2.083,2.083,2.083,2.083,2.083,2.083,2.083,2.083,2.083,2.083,2.083,2.083,2.083,2.083
D,2.083,2.083,2.083,2.083,2.083,2.083,2.083,2.083,2.083,2.083,2.083,2.083,2.083,2.083,2.083,2.083,2.083,2.083,2.083,2.083
E,2.083,2.083,2.083,2.083,1.77,1.116,2.458,2.194,1.7530000000000001,2.025,1.956,2.88,2.448,3.29,3.154,2.8979999999999997,2.5949999999999998,2.684,2.138,2.083
F,2.083,2.083,2.083,1.77,2.083,2.116,1.903,2.113,2.096,2.0069999999999997,1.9769999999999999,2.061,2.154,2.052,2.096,2.0060000000000002,1.999,1.978,2.0540000000000003,2.083
G,2.083,2.083,2.083,1.116,2.116,2.083,2.083,2.083,2.083,2.083,2.083,2.083,2.083,2.083,2.083,2.083,2.083,2.083,2.083,2.083
H,2.083,2.083,2.083,2.458,1.903,2.083,2.083,2.083,2.083,2.083,2.083,2.083,2.083,2.083,2.083,2.083,2.083,2.083,2.083,2.083
I,2.083,2.083,2.083,2.194,2.113,2.083,2.083,2.083,1.366,1.666,1.979,1.849,0.96,1.788,3.006,1.32,2.23,1.97,1.98,2.083
K,2.083,2.083,2.083,1.7530000000000001,2.096,2.083,2.083,1.366,2.083,1.153,2.109,2.553,2.1020000000000003,3.237,1.75,1.329,2.318,1.23,0.808,2.083
L,2.083,2.083,2.083,2.025,2.0069999999999997,2.083,2.083,1.666,1.153,2.083,2.088,1.955,1.924,2.168,1.862,2.217,2.024,2.093,2.059,2.083
M,2.083,2.083,2.083,1.956,1.9769999999999999,2.083,2.083,1.979,2.109,2.088,2.083,2.083,2.083,2.083,2.083,2.083,2.083,2.083,2.083,2.083
N,2.083,2.083,2.083,2.88,2.061,2.083,2.083,1.849,2.553,1.955,2.083,2.083,1.8980000000000001,3.536,1.966,3.576,3.346,1.467,1.504,2.083
P,2.083,2.083,2.083,2.448,2.154,2.083,2.083,0.96,2.1020000000000003,1.924,2.083,1.8980000000000001,2.083,2.083,2.083,2.083,2.083,2.083,2.083,2.083
Q,2.083,2.083,2.083,3.29,2.052,2.083,2.083,1.788,3.237,2.168,2.083,3.536,2.083,2.083,2.083,2.083,2.083,2.083,2.083,2.083
R,2.083,2.083,2.083,3.154,2.096,2.083,2.083,3.006,1.75,1.862,2.083,1.966,2.083,2.083,2.083,2.083,2.083,2.083,2.083,2.083
S,2.083,2.083,2.083,2.8979999999999997,2.0060000000000002,2.083,2.083,1.32,1.329,2.217,2.083,3.576,2.083,2.083,2.083,2.083,2.559,2.073,1.9060000000000001,2.083
T,2.083,2.083,2.083,2.5949999999999998,1.999,2.083,2.083,2.23,2.318,2.024,2.083,3.346,2.083,2.083,2.083,2.559,2.083,2.083,2.083,2.083
V,2.083,2.083,2.083,2.684,1.978,2.083,2.083,1.97,1.23,2.093,2.083,1.467,2.083,2.083,2.083,2.073,2.083,2.083,2.083,2.083
W,2.083,2.083,2.083,2.138,2.0540000000000003,2.083,2.083,1.98,0.808,2.059,2.083,1.504,2.083,2.083,2.083,1.9060000000000001,2.083,2.083,2.083,2.083
Y,2.083,2.083,2.083,2.083,2.083,2.083,2.083,2.083,2.083,2.083,2.083,2.083,2.083,2.083,2.083,2.083,2.083,2.083,2.083,2.083
