,A,C,D,E,F,G,H,I,K,L,M,N,P,Q,R,S,T,V,W,Y
A,2.1100000000000003,2.1100000000000003,2.1100000000000003,2.1100000000000003,2.1100000000000003,2.1100000000000003,2.1100000000000003,2.1100000000000003,2.1100000000000003,2.1100000000000003,2.1100000000000003,2.1100000000000003,2.1100000000000003,2.1100000000000003,2.1100000000000003,2.1100000000000003,2.1100000000000003,2.1100000000000003,2.1100000000000003,2.1100000000000003
C,2.1100000000000003,2.1100000000000003,2.1100000000000003,2.1100000000000003,2.1100000000000003,2.1100000000000003,2.1100000000000003,2.1100000000000003,2.1100000000000003,2.1100000000000003,2.1100000000000003,2.1100000000000003,2.1100000000000003,2.1100000000000003,2.1100000000000003,2.1100000000000003,2.1100000000000003,2.1100000000000003,2.1100000000000003,2.1100000000000003
D,2.1100000000000003,2.1100000000000003,2.1100000000000003,2.1100000000000003,2.1100000000000003,2.1100000000000003,2.1100000000000003,2.1100000000000003,2.1100000000000003,2.1100000000000003,2.1100000000000003,2.1100000000000003,2.1100000000000003,2.1100000000000003,2.1100000000000003,2.1100000000000003,2.1100000000000003,2.1100000000000003,2.1100000000000003,2.1100000000000003
E,2.1100000000000003,2.1100000000000003,2.1100000000000003,2.1100000000000003,1.813,1.201,2.496,2.239,1.791,1.99,1.998,2.806,2.396,3.274,3.187,2.8209999999999997,2.636,2.732,2.183,2.1100000000000003
F,2.1100000000000003,2.1100000000000003,2.1100000000000003,1.813,2.1100000000000003,2.15,1.937,2.133,2.126,2.033,1.996,2.081,2.182,2.077,2.124,2.032,2.019,2.009,2.085,2.1100000000000003
G,2.1100000000000003,2.1100000000000003,2.1100000000000003,1.201,2.15,2.1100000000000003,2.1100000000000003,2.1100000000000003,2.1100000000000003,2.1100000000000003,2.1100000000000003,2.1100000000000003,2.1100000000000003,2.1100000000000003,2.1100000000000003,2.1100000000000003,2.1100000000000003,2.1100000000000003,2.1100000000000003,2.1100000000000003
H,2.1100000000000003,2.1100000000000003,2.1100000000000003,2.496,1.937,2.1100000000000003,2.1100000000000003,2.1100000000000003,2.1100000000000003,2.1100000000000003,2.1100000000000003,2.1100000000000003,2.1100000000000003,2.1100000000000003,2.1100000000000003,2.1100000000000003,2.1100000000000003,2.1100000000000003,2.1100000000000003,2.1100000000000003
I,2.1100000000000003,2.1100000000000003,2.1100000000000003,2.239,2.133,2.1100000000000003,2.1100000000000003,2.1100000000000003,1.392,1.716,2.08,1.982,1.131,1.9300000000000002,2.9930000000000003,1.362,2.3609999999999998,2.01,2.124,2.1100000000000003
K,2.1100000000000003,2.1100000000000003,2.1100000000000003,1.791,2.126,2.1100000000000003,2.1100000000000003,1.392,2.1100000000000003,1.16,2.29,2.634,2.104,3.214,1.786,1.461,2.217,1.234,0.904,2.1100000000000003
L,2.1100000000000003,2.1100000000000003,2.1100000000000003,1.99,2.033,2.1100000000000003,2.1100000000000003,1.716,1.16,2.1100000000000003,2.104,2.034,1.951,2.186,1.897,2.1879999999999997,2.0540000000000003,2.092,2.089,2.1100000000000003
M,2.1100000000000003,2.1100000000000003,2.1100000000000003,1.998,1.996,2.1100000000000003,2.1100000000000003,2.08,2.29,2.104,2.1100000000000003,2.1100000000000003,2.1100000000000003,2.1100000000000003,2.1100000000000003,2.1100000000000003,2.1100000000000003,2.1100000000000003,2.1100000000000003,2.1100000000000003
N,2.1100000000000003,2.1100000000000003,2.1100000000000003,2.806,2.081,2.1100000000000003,2.1100000000000003,1.982,2.634,2.034,2.1100000000000003,2.1100000000000003,1.923,3.447,1.9609999999999999,3.604,3.367,1.4889999999999999,1.554,2.1100000000000003
P,2.1100000000000003,2.1100000000000003,2.1100000000000003,2.396,2.182,2.1100000000000003,2.1100000000000003,1.131,2.104,1.951,2.1100000000000003,1.923,2.1100000000000003,2.1100000000000003,2.1100000000000003,2.1100000000000003,2.1100000000000003,2.1100000000000003,2.1100000000000003,2.1100000000000003
Q,2.1100000000000003,2.1100000000000003,2.1100000000000003,3.274,2.077,2.1100000000000003,2.1100000000000003,1.9300000000000002,3.214,2.186,2.1100000000000003,3.447,2.1100000000000003,2.1100000000000003,2.1100000000000003,2.1100000000000003,2.1100000000000003,2.1100000000000003,2.1100000000000003,2.1100000000000003
R,2.1100000000000003,2.1100000000000003,2.1100000000000003,3.187,2.124,2.1100000000000003,2.1100000000000003,2.9930000000000003,1.786,1.897,2.1100000000000003,1.9609999999999999,2.1100000000000003,2.1100000000000003,2.1100000000000003,2.1100000000000003,2.1100000000000003,2.1100000000000003,2.1100000000000003,2.1100000000000003
S,2.1100000000000003,2.1100000000000003,2.1100000000000003,2.8209999999999997,2.032,2.1100000000000003,2.1100000000000003,1.362,1.461,2.1879999999999997,2.1100000000000003,3.604,2.1100000000000003,2.1100000000000003,2.1100000000000003,2.1100000000000003,2.6470000000000002,2.167,1.8199999999999998,2.1100000000000003
T,2.1100000000000003,2.1100000000000003,2.1100000000000003,2.636,2.019,2.1100000000000003,2.1100000000000003,2.3609999999999998,2.217,2.0540000000000003,2.1100000000000003,3.367,2.1100000000000003,2.1100000000000003,2.1100000000000003,2.6470000000000002,2.1100000000000003,2.1100000000000003,2.1100000000000003,2.1100000000000003
V,2.1100000000000003,2.1100000000000003,2.1100000000000003,2.732,2.009,2.1100000000000003,2.1100000000000003,2.01,1.234,2.092,2.1100000000000003,1.4889999999999999,2.1100000000000003,2.1100000000000003,2.1100000000000003,2.167,2.1100000000000003,2.1100000000000003,2.1100000000000003,2.1100000000000003
W,2.1100000000000003,2.1100000000000003,2.1100000000000003,2.183,2.085,2.1100000000000003,2.1100000000000003,2.124,0.904,2.089,2.1100000000000003,1.554,2.1100000000000003,2.1100000000000003,2.1100000000000003,1.8199999999999998,2.1100000000000003,2.1100000000000003,2.1100000000000003,2.1100000000000003
Y,2.1100000000000003,2.1100000000000003,2.1100000000000003,2.1100000000000003,2.1100000000000003,2.1100000000000003,2.1100000000000003,2.1100000000000003,2.1100000000000003,2.1100000000000003,2.1100000000000003,2.1100000000000003,2.1100000000000003,2.1100000000000003,2.1100000000000003,2.1100000000000003,2.1100000000000003,2.1100000000000003,2.1100000000000003,2.1100000000000003
