,A,C,D,E,F,G,H,I,K,L,M,N,P,Q,R,S,T,V,W,Y
A,2.098,2.098,2.098,2.098,2.098,2.098,2.098,2.098,2.098,2.098,2.098,2.098,2.098,2.098,2.098,2.098,2.098,2.098,2.098,2.098
C,2.098,2.098,2.3209999999999997,2.29,2.323,2.286,2.316,1.1400000000000001,2.293,0.904,1.565,2.364,2.325,2.3289999999999997,2.31,1.412,1.787,1.186,2.331,2.098
D,2.098,2.3209999999999997,2.098,2.098,2.098,2.098,2.098,2.098,2.098,2.098,2.098,2.098,2.098,2.098,2.098,2.098,2.098,2.098,2.098,2.098
E,2.098,2.29,2.098,2.098,2.098,2.098,2.098,2.098,2.098,2.098,2.098,2.098,2.098,2.098,2.098,2.098,2.098,2.098,2.098,2.098
F,2.098,2.323,2.098,2.098,2.098,2.098,2.098,2.098,2.098,2.098,2.098,2.098,2.098,2.098,2.098,2.098,2.098,2.098,2.098,2.098
G,2.098,2.286,2.098,2.098,2.098,2.098,2.098,2.098,2.098,2.098,2.098,2.098,2.098,2.098,2.098,2.098,2.098,2.098,2.098,2.098
H,2.098,2.316,2.098,2.098,2.098,2.098,2.098,2.098,2.098,2.098,2.098,2.098,2.098,2.098,2.098,2.098,2.098,2.098,2.098,2.098
I,2.098,1.1400000000000001,2.098,2.098,2.098,2.098,2.098,2.098,2.116,1.96,2.061,2.053,2.085,1.8679999999999999,2.7880000000000003,1.647,2.327,2.0,1.936,2.098
K,2.098,2.293,2.098,2.098,2.098,2.098,2.098,2.116,2.098,2.098,2.098,2.098,2.098,2.098,2.098,2.098,2.098,2.098,2.098,2.098
L,2.098,0.904,2.098,2.098,2.098,2.098,2.098,1.96,2.098,2.098,1.822,2.706,2.037,1.843,2.089,2.018,1.745,2.0149999999999997,2.276,2.098
M,2.098,1.565,2.098,2.098,2.098,2.098,2.098,2.061,2.098,1.822,2.098,2.002,2.777,0.5780000000000001,1.822,2.783,1.429,1.8940000000000001,2.843,2.098
N,2.098,2.364,2.098,2.098,2.098,2.098,2.098,2.053,2.098,2.706,2.002,2.098,2.098,2.098,2.098,2.098,2.098,2.098,2.098,2.098
P,2.098,2.325,2.098,2.098,2.098,2.098,2.098,2.085,2.098,2.037,2.777,2.098,2.098,2.098,2.098,2.098,2.098,2.098,2.098,2.098
Q,2.098,2.3289999999999997,2.098,2.098,2.098,2.098,2.098,1.8679999999999999,2.098,1.843,0.5780000000000001,2.098,2.098,2.098,2.8049999999999997,1.6520000000000001,2.112,1.831,2.803,2.098
R,2.098,2.31,2.098,2.098,2.098,2.098,2.098,2.7880000000000003,2.098,2.089,1.822,2.098,2.098,2.8049999999999997,2.098,2.098,2.098,2.098,2.098,2.098
S,2.098,1.412,2.098,2.098,2.098,2.098,2.098,1.647,2.098,2.018,2.783,2.098,2.098,1.6520000000000001,2.098,2.098,2.0060000000000002,1.887,1.891,2.098
T,2.098,1.787,2.098,2.098,2.098,2.098,2.098,2.327,2.098,1.745,1.429,2.098,2.098,2.112,2.098,2.0060000000000002,2.098,2.198,1.631,2.098
V,2.098,1.186,2.098,2.098,2.098,2.098,2.098,2.0,2.098,2.0149999999999997,1.8940000000000001,2.098,2.098,1.831,2.098,1.887,2.198,2.098,2.098,2.098
W,2.098,2.331,2.098,2.098,2.098,2.098,2.098,1.936,2.098,2.276,2.843,2.098,2.098,2.803,2.098,1.891,1.631,2.098,2.098,2.098
Y,2.098,2.098,2.098,2.098,2.098,2.098,2.098,2.098,2.098,2.098,2.098,2.098,2.098,2.098,2.098,2.098,2.098,2.098,2.098,2.098
