,A,C,D,E,F,G,H,I,K,L,M,N,P,Q,R,S,T,V,W,Y
A,2.1479999999999997,2.1479999999999997,2.1479999999999997,2.1479999999999997,2.1479999999999997,2.1479999999999997,2.1479999999999997,2.1479999999999997,2.1479999999999997,2.1479999999999997,2.1479999999999997,2.1479999999999997,2.1479999999999997,2.1479999999999997,2.1479999999999997,2.1479999999999997,2.1479999999999997,2.1479999999999997,2.1479999999999997,2.1479999999999997
C,2.1479999999999997,2.1479999999999997,2.1479999999999997,2.1479999999999997,2.1479999999999997,2.1479999999999997,2.1479999999999997,2.1479999999999997,2.1479999999999997,2.1479999999999997,2.1479999999999997,2.1479999999999997,2.1479999999999997,2.1479999999999997,2.1479999999999997,2.1479999999999997,2.1479999999999997,2.1479999999999997,2.1479999999999997,2.1479999999999997
D,2.1479999999999997,2.1479999999999997,2.1479999999999997,2.1479999999999997,2.1479999999999997,2.1479999999999997,2.1479999999999997,2.1479999999999997,2.1479999999999997,2.1479999999999997,2.1479999999999997,2.1479999999999997,2.1479999999999997,2.1479999999999997,2.1479999999999997,2.1479999999999997,2.1479999999999997,2.1479999999999997,2.1479999999999997,2.1479999999999997
E,2.1479999999999997,2.1479999999999997,2.1479999999999997,2.1479999999999997,1.845,1.153,2.55,2.25,1.722,2.01,1.996,2.966,2.496,3.548,3.23,2.975,2.746,2.7729999999999997,2.316,2.1479999999999997
F,2.1479999999999997,2.1479999999999997,2.1479999999999997,1.845,2.1479999999999997,2.181,1.931,2.191,2.154,2.061,2.02,2.134,2.233,2.142,2.162,2.061,2.051,2.0300000000000002,2.1109999999999998,2.1479999999999997
G,2.1479999999999997,2.1479999999999997,2.1479999999999997,1.153,2.181,2.1479999999999997,2.1479999999999997,2.1479999999999997,2.1479999999999997,2.1479999999999997,2.1479999999999997,2.1479999999999997,2.1479999999999997,2.1479999999999997,2.1479999999999997,2.1479999999999997,2.1479999999999997,2.1479999999999997,2.1479999999999997,2.1479999999999997
H,2.1479999999999997,2.1479999999999997,2.1479999999999997,2.55,1.931,2.1479999999999997,2.1479999999999997,2.1479999999999997,2.1479999999999997,2.1479999999999997,2.1479999999999997,2.1479999999999997,2.1479999999999997,2.1479999999999997,2.1479999999999997,2.1479999999999997,2.1479999999999997,2.1479999999999997,2.1479999999999997,2.1479999999999997
I,2.1479999999999997,2.1479999999999997,2.1479999999999997,2.25,2.191,2.1479999999999997,2.1479999999999997,2.1479999999999997,1.275,1.6400000000000001,2.096,1.928,0.993,1.875,3.119,1.232,2.395,2.019,2.104,2.1479999999999997
K,2.1479999999999997,2.1479999999999997,2.1479999999999997,1.722,2.154,2.1479999999999997,2.1479999999999997,1.275,2.1479999999999997,1.125,2.161,2.705,2.101,3.614,1.817,1.336,2.2889999999999997,1.204,0.8009999999999999,2.1479999999999997
L,2.1479999999999997,2.1479999999999997,2.1479999999999997,2.01,2.061,2.1479999999999997,2.1479999999999997,1.6400000000000001,1.125,2.1479999999999997,2.149,2.06,1.942,2.2560000000000002,1.858,2.319,2.08,2.151,2.141,2.1479999999999997
M,2.1479999999999997,2.1479999999999997,2.1479999999999997,1.996,2.02,2.1479999999999997,2.1479999999999997,2.096,2.161,2.149,2.1479999999999997,2.1479999999999997,2.1479999999999997,2.1479999999999997,2.1479999999999997,2.1479999999999997,2.1479999999999997,2.1479999999999997,2.1479999999999997,2.1479999999999997
N,2.1479999999999997,2.1479999999999997,2.1479999999999997,2.966,2.134,2.1479999999999997,2.1479999999999997,1.928,2.705,2.06,2.1479999999999997,2.1479999999999997,1.954,3.671,1.998,3.749,3.472,1.496,1.549,2.1479999999999997
P,2.1479999999999997,2.1479999999999997,2.1479999999999997,2.496,2.233,2.1479999999999997,2.1479999999999997,0.993,2.101,1.942,2.1479999999999997,1.954,2.1479999999999997,2.1479999999999997,2.1479999999999997,2.1479999999999997,2.1479999999999997,2.1479999999999997,2.1479999999999997,2.1479999999999997
Q,2.1479999999999997,2.1479999999999997,2.1479999999999997,3.548,2.142,2.1479999999999997,2.1479999999999997,1.875,3.614,2.2560000000000002,2.1479999999999997,3.671,2.1479999999999997,2.1479999999999997,2.1479999999999997,2.1479999999999997,2.1479999999999997,2.1479999999999997,2.1479999999999997,2.1479999999999997
R,2.1479999999999997,2.1479999999999997,2.1479999999999997,3.23,2.162,2.1479999999999997,2.1479999999999997,3.119,1.817,1.858,2.1479999999999997,1.998,2.1479999999999997,2.1479999999999997,2.1479999999999997,2.1479999999999997,2.1479999999999997,2.1479999999999997,2.1479999999999997,2.1479999999999997
S,2.1479999999999997,2.1479999999999997,2.1479999999999997,2.975,2.061,2.1479999999999997,2.1479999999999997,1.232,1.336,2.319,2.1479999999999997,3.749,2.1479999999999997,2.1479999999999997,2.1479999999999997,2.1479999999999997,2.759,2.1319999999999997,1.862,2.1479999999999997
T,2.1479999999999997,2.1479999999999997,2.1479999999999997,2.746,2.051,2.1479999999999997,2.1479999999999997,2.395,2.2889999999999997,2.08,2.1479999999999997,3.472,2.1479999999999997,2.1479999999999997,2.1479999999999997,2.759,2.1479999999999997,2.1479999999999997,2.1479999999999997,2.1479999999999997
V,2.1479999999999997,2.1479999999999997,2.1479999999999997,2.7729999999999997,2.0300000000000002,2.1479999999999997,2.1479999999999997,2.019,1.204,2.151,2.1479999999999997,1.496,2.1479999999999997,2.1479999999999997,2.1479999999999997,2.1319999999999997,2.1479999999999997,2.1479999999999997,2.1479999999999997,2.1479999999999997
W,2.1479999999999997,2.1479999999999997,2.1479999999999997,2.316,2.1109999999999998,2.1479999999999997,2.1479999999999997,2.104,0.8009999999999999,2.141,2.1479999999999997,1.549,2.1479999999999997,2.1479999999999997,2.1479999999999997,1.862,2.1479999999999997,2.1479999999999997,2.1479999999999997,2.1479999999999997
Y,2.1479999999999997,2.1479999999999997,2.1479999999999997,2.1479999999999997,2.1479999999999997,2.1479999999999997,2.1479999999999997,2.1479999999999997,2.1479999999999997,2.1479999999999997,2.1479999999999997,2.1479999999999997,2.1479999999999997,2.1479999999999997,2.1479999999999997,2.1479999999999997,2.1479999999999997,2.1479999999999997,2.1479999999999997,2.1479999999999997
