,A,C,D,E,F,G,H,I,K,L,M,N,P,Q,R,S,T,V,W,Y
A,2.0949999999999998,2.0949999999999998,2.0949999999999998,2.0949999999999998,2.0949999999999998,2.0949999999999998,2.0949999999999998,2.0949999999999998,2.0949999999999998,2.0949999999999998,2.0949999999999998,2.0949999999999998,2.0949999999999998,2.0949999999999998,2.0949999999999998,2.0949999999999998,2.0949999999999998,2.0949999999999998,2.0949999999999998,2.0949999999999998
C,2.0949999999999998,2.0949999999999998,2.0949999999999998,2.0949999999999998,2.0949999999999998,2.0949999999999998,2.0949999999999998,2.0949999999999998,2.0949999999999998,2.0949999999999998,2.0949999999999998,2.0949999999999998,2.0949999999999998,2.0949999999999998,2.0949999999999998,2.0949999999999998,2.0949999999999998,2.0949999999999998,2.0949999999999998,2.0949999999999998
D,2.0949999999999998,2.0949999999999998,2.0949999999999998,2.0949999999999998,2.0949999999999998,2.0949999999999998,2.0949999999999998,2.0949999999999998,2.0949999999999998,2.0949999999999998,2.0949999999999998,2.0949999999999998,2.0949999999999998,2.0949999999999998,2.0949999999999998,2.0949999999999998,2.0949999999999998,2.0949999999999998,2.0949999999999998,2.0949999999999998
E,2.0949999999999998,2.0949999999999998,2.0949999999999998,2.0949999999999998,1.7570000000000001,1.099,2.5300000000000002,2.2720000000000002,1.738,1.928,1.991,2.8609999999999998,2.4290000000000003,3.285,3.134,2.876,2.753,2.7800000000000002,2.1180000000000003,2.0949999999999998
F,2.0949999999999998,2.0949999999999998,2.0949999999999998,1.7570000000000001,2.0949999999999998,2.121,1.912,2.114,2.109,2.019,1.9729999999999999,2.073,2.1310000000000002,2.0620000000000003,2.108,2.0140000000000002,2.004,2.0,2.0620000000000003,2.0949999999999998
G,2.0949999999999998,2.0949999999999998,2.0949999999999998,1.099,2.121,2.0949999999999998,2.0949999999999998,2.0949999999999998,2.0949999999999998,2.0949999999999998,2.0949999999999998,2.0949999999999998,2.0949999999999998,2.0949999999999998,2.0949999999999998,2.0949999999999998,2.0949999999999998,2.0949999999999998,2.0949999999999998,2.0949999999999998
H,2.0949999999999998,2.0949999999999998,2.0949999999999998,2.5300000000000002,1.912,2.0949999999999998,2.0949999999999998,2.0949999999999998,2.0949999999999998,2.0949999999999998,2.0949999999999998,2.0949999999999998,2.0949999999999998,2.0949999999999998,2.0949999999999998,2.0949999999999998,2.0949999999999998,2.0949999999999998,2.0949999999999998,2.0949999999999998
I,2.0949999999999998,2.0949999999999998,2.0949999999999998,2.2720000000000002,2.114,2.0949999999999998,2.0949999999999998,2.0949999999999998,1.407,1.692,2.06,1.8980000000000001,1.1320000000000001,1.9529999999999998,3.068,1.365,2.267,1.995,2.151,2.0949999999999998
K,2.0949999999999998,2.0949999999999998,2.0949999999999998,1.738,2.109,2.0949999999999998,2.0949999999999998,1.407,2.0949999999999998,1.161,2.112,2.572,2.021,3.442,1.72,1.377,2.3120000000000003,1.244,0.835,2.0949999999999998
L,2.0949999999999998,2.0949999999999998,2.0949999999999998,1.928,2.019,2.0949999999999998,2.0949999999999998,1.692,1.161,2.0949999999999998,2.091,2.003,1.912,2.174,1.837,2.242,2.019,2.112,2.067,2.0949999999999998
M,2.0949999999999998,2.0949999999999998,2.0949999999999998,1.991,1.9729999999999999,2.0949999999999998,2.0949999999999998,2.06,2.112,2.091,2.0949999999999998,2.0949999999999998,2.0949999999999998,2.0949999999999998,2.0949999999999998,2.0949999999999998,2.0949999999999998,2.0949999999999998,2.0949999999999998,2.0949999999999998
N,2.0949999999999998,2.0949999999999998,2.0949999999999998,2.8609999999999998,2.073,2.0949999999999998,2.0949999999999998,1.8980000000000001,2.572,2.003,2.0949999999999998,2.0949999999999998,1.88,3.519,1.9449999999999998,3.553,3.321,1.453,1.488,2.0949999999999998
P,2.0949999999999998,2.0949999999999998,2.0949999999999998,2.4290000000000003,2.1310000000000002,2.0949999999999998,2.0949999999999998,1.1320000000000001,2.021,1.912,2.0949999999999998,1.88,2.0949999999999998,2.0949999999999998,2.0949999999999998,2.0949999999999998,2.0949999999999998,2.0949999999999998,2.0949999999999998,2.0949999999999998
Q,2.0949999999999998,2.0949999999999998,2.0949999999999998,3.285,2.0620000000000003,2.0949999999999998,2.0949999999999998,1.9529999999999998,3.442,2.174,2.0949999999999998,3.519,2.0949999999999998,2.0949999999999998,2.0949999999999998,2.0949999999999998,2.0949999999999998,2.0949999999999998,2.0949999999999998,2.0949999999999998
R,2.0949999999999998,2.0949999999999998,2.0949999999999998,3.134,2.108,2.0949999999999998,2.0949999999999998,3.068,1.72,1.837,2.0949999999999998,1.9449999999999998,2.0949999999999998,2.0949999999999998,2.0949999999999998,2.0949999999999998,2.0949999999999998,2.0949999999999998,2.0949999999999998,2.0949999999999998
S,2.0949999999999998,2.0949999999999998,2.0949999999999998,2.876,2.0140000000000002,2.0949999999999998,2.0949999999999998,1.365,1.377,2.242,2.0949999999999998,3.553,2.0949999999999998,2.0949999999999998,2.0949999999999998,2.0949999999999998,2.568,2.1,1.843,2.0949999999999998
T,2.0949999999999998,2.0949999999999998,2.0949999999999998,2.753,2.004,2.0949999999999998,2.0949999999999998,2.267,2.3120000000000003,2.019,2.0949999999999998,3.321,2.0949999999999998,2.0949999999999998,2.0949999999999998,2.568,2.0949999999999998,2.0949999999999998,2.0949999999999998,2.0949999999999998
V,2.0949999999999998,2.0949999999999998,2.0949999999999998,2.7800000000000002,2.0,2.0949999999999998,2.0949999999999998,1.995,1.244,2.112,2.0949999999999998,1.453,2.0949999999999998,2.0949999999999998,2.0949999999999998,2.1,2.0949999999999998,2.0949999999999998,2.0949999999999998,2.0949999999999998
W,2.0949999999999998,2.0949999999999998,2.0949999999999998,2.1180000000000003,2.0620000000000003,2.0949999999999998,2.0949999999999998,2.151,0.835,2.067,2.0949999999999998,1.488,2.0949999999999998,2.0949999999999998,2.0949999999999998,1.843,2.0949999999999998,2.0949999999999998,2.0949999999999998,2.0949999999999998
Y,2.0949999999999998,2.0949999999999998,2.0949999999999998,2.0949999999999998,2.0949999999999998,2.0949999999999998,2.0949999999999998,2.0949999999999998,2.0949999999999998,2.0949999999999998,2.0949999999999998,2.0949999999999998,2.0949999999999998,2.0949999999999998,2.0949999999999998,2.0949999999999998,2.0949999999999998,2.0949999999999998,2.0949999999999998,2.0949999999999998
