,A,C,D,E,F,G,H,I,K,L,M,N,P,Q,R,S,T,V,W,Y
A,2.004,1.439,2.372,1.87,3.046,1.266,2.136,1.9729999999999999,2.894,3.09,1.913,1.728,0.8069999999999999,2.3890000000000002,3.223,1.461,2.542,2.342,3.056,2.004
C,1.439,2.004,1.419,1.4849999999999999,2.104,1.27,1.712,0.29100000000000004,1.5819999999999999,0.029000000000000026,0.883,2.443,1.679,1.737,2.0860000000000003,0.94,1.414,0.29900000000000004,1.724,2.004
D,2.372,1.419,2.004,3.565,1.885,3.03,2.8440000000000003,1.419,3.153,1.461,1.943,2.366,2.873,3.204,2.835,3.676,3.38,2.8819999999999997,1.788,2.004
E,1.87,1.4849999999999999,3.565,2.004,2.689,2.715,2.7,2.686,2.614,2.7030000000000003,2.755,2.707,2.749,1.5,2.682,2.722,2.707,2.7190000000000003,2.705,2.004
F,3.046,2.104,1.885,2.689,2.004,1.826,1.65,3.064,2.697,3.15,2.66,2.1189999999999998,1.379,2.24,2.107,1.952,2.2119999999999997,2.62,1.416,2.004
G,1.266,1.27,3.03,2.715,1.826,2.004,2.492,2.287,2.504,2.319,1.48,2.705,1.62,2.525,2.4539999999999997,2.044,2.4850000000000003,1.026,1.587,2.004
H,2.136,1.712,2.8440000000000003,2.7,1.65,2.492,2.004,2.004,2.004,2.004,2.004,2.004,2.004,2.004,2.004,2.004,2.004,2.004,2.004,2.004
I,1.9729999999999999,0.29100000000000004,1.419,2.686,3.064,2.287,2.004,2.004,2.4219999999999997,1.7309999999999999,1.287,1.237,1.079,2.419,1.437,0.616,0.859,1.4969999999999999,1.227,2.004
K,2.894,1.5819999999999999,3.153,2.614,2.697,2.504,2.004,2.4219999999999997,2.004,1.645,2.992,3.187,3.069,3.185,2.817,3.133,3.028,2.827,2.7560000000000002,2.004
L,3.09,0.029000000000000026,1.461,2.7030000000000003,3.15,2.319,2.004,1.7309999999999999,1.645,2.004,0.7170000000000001,1.859,1.938,1.166,2.158,1.762,0.995,1.304,2.534,2.004
M,1.913,0.883,1.943,2.755,2.66,1.48,2.004,1.287,2.992,0.7170000000000001,2.004,1.7810000000000001,2.5460000000000003,1.249,1.525,1.843,1.834,1.621,2.738,2.004
N,1.728,2.443,2.366,2.707,2.1189999999999998,2.705,2.004,1.237,3.187,1.859,1.7810000000000001,2.004,3.393,3.433,3.757,3.226,3.532,2.395,2.6399999999999997,2.004
P,0.8069999999999999,1.679,2.873,2.749,1.379,1.62,2.004,1.079,3.069,1.938,2.5460000000000003,3.393,2.004,2.403,2.2649999999999997,2.1180000000000003,2.064,0.997,1.657,2.004
Q,2.3890000000000002,1.737,3.204,1.5,2.24,2.525,2.004,2.419,3.185,1.166,1.249,3.433,2.403,2.004,2.918,2.641,2.936,0.594,2.215,2.004
R,3.223,2.0860000000000003,2.835,2.682,2.107,2.4539999999999997,2.004,1.437,2.817,2.158,1.525,3.757,2.2649999999999997,2.918,2.004,1.8719999999999999,1.899,1.5779999999999998,1.6640000000000001,2.004
S,1.461,0.94,3.676,2.722,1.952,2.044,2.004,0.616,3.133,1.762,1.843,3.226,2.1180000000000003,2.641,1.8719999999999999,2.004,1.263,0.516,1.8159999999999998,2.004
T,2.542,1.414,3.38,2.707,2.2119999999999997,2.4850000000000003,2.004,0.859,3.028,0.995,1.834,3.532,2.064,2.936,1.899,1.263,2.004,0.948,2.433,2.004
V,2.342,0.29900000000000004,2.8819999999999997,2.7190000000000003,2.62,1.026,2.004,1.4969999999999999,2.827,1.304,1.621,2.395,0.997,0.594,1.5779999999999998,0.516,0.948,2.004,1.72,2.004
W,3.056,1.724,1.788,2.705,1.416,1.587,2.004,1.227,2.7560000000000002,2.534,2.738,2.6399999999999997,1.657,2.215,1.6640000000000001,1.8159999999999998,2.433,1.72,2.004,2.004
Y,2.004,2.004,2.004,2.004,2.004,2.004,2.004,2.004,2.004,2.004,2.004,2.004,2.004,2.004,2.004,2.004,2.004,2.004,2.004,2.004
