,A,C,D,E,F,G,H,I,K,L,M,N,P,Q,R,S,T,V,W,Y
A,2.002,1.409,2.3680000000000003,1.83,3.054,1.222,2.128,1.959,2.885,3.09,1.8980000000000001,1.709,0.75,2.3680000000000003,3.235,1.428,2.54,2.324,3.063,2.002
C,1.409,2.002,1.385,1.439,2.066,1.236,1.67,0.21499999999999997,1.5430000000000001,-0.04299999999999993,0.832,2.424,1.638,1.6949999999999998,2.061,0.88,1.366,0.22299999999999998,1.687,2.002
D,2.3680000000000003,1.385,2.002,3.856,2.4619999999999997,3.0,3.275,1.827,3.117,1.4060000000000001,2.511,2.742,2.84,3.654,2.802,3.652,3.35,2.871,2.355,2.002
E,1.83,1.439,3.856,2.002,2.689,2.706,2.7199999999999998,2.675,2.633,2.697,2.755,2.716,2.761,1.463,2.706,2.741,2.721,2.726,2.707,2.002
F,3.054,2.066,2.4619999999999997,2.689,2.002,1.821,1.643,3.055,2.706,3.159,2.658,2.1100000000000003,1.359,2.241,2.096,1.937,2.209,2.6189999999999998,1.41,2.002
G,1.222,1.236,3.0,2.706,1.821,2.002,2.487,2.279,2.4850000000000003,2.308,1.401,2.693,1.544,2.502,2.444,1.987,2.473,0.948,1.5190000000000001,2.002
H,2.128,1.67,3.275,2.7199999999999998,1.643,2.487,2.002,2.002,2.002,2.002,2.002,2.002,2.002,2.002,2.002,2.002,2.002,2.002,2.002,2.002
I,1.959,0.21499999999999997,1.827,2.675,3.055,2.279,2.002,2.002,2.3979999999999997,1.685,1.234,1.205,1.043,2.402,1.4060000000000001,0.5860000000000001,0.8089999999999999,1.454,1.186,2.002
K,2.885,1.5430000000000001,3.117,2.633,2.706,2.4850000000000003,2.002,2.3979999999999997,2.002,1.5899999999999999,2.963,3.184,3.046,3.209,2.83,3.113,2.99,2.814,2.75,2.002
L,3.09,-0.04299999999999993,1.4060000000000001,2.697,3.159,2.308,2.002,1.685,1.5899999999999999,2.002,0.864,1.877,1.962,1.457,2.1719999999999997,1.7850000000000001,1.119,1.29,2.5469999999999997,2.002
M,1.8980000000000001,0.832,2.511,2.755,2.658,1.401,2.002,1.234,2.963,0.864,2.002,1.871,2.504,1.187,1.464,1.8780000000000001,1.884,1.583,2.683,2.002
N,1.709,2.424,2.742,2.716,2.1100000000000003,2.693,2.002,1.205,3.184,1.877,1.871,2.002,3.388,3.42,3.762,3.184,3.526,2.374,2.629,2.002
P,0.75,1.638,2.84,2.761,1.359,1.544,2.002,1.043,3.046,1.962,2.504,3.388,2.002,2.3289999999999997,2.191,2.0,1.978,0.96,1.5779999999999998,2.002
Q,2.3680000000000003,1.6949999999999998,3.654,1.463,2.241,2.502,2.002,2.402,3.209,1.457,1.187,3.42,2.3289999999999997,2.002,2.9210000000000003,2.786,2.854,0.5640000000000001,2.363,2.002
R,3.235,2.061,2.802,2.706,2.096,2.444,2.002,1.4060000000000001,2.83,2.1719999999999997,1.464,3.762,2.191,2.9210000000000003,2.002,1.85,1.875,1.538,1.6280000000000001,2.002
S,1.428,0.88,3.652,2.741,1.937,1.987,2.002,0.5860000000000001,3.113,1.7850000000000001,1.8780000000000001,3.184,2.0,2.786,1.85,2.002,1.201,0.46099999999999997,1.767,2.002
T,2.54,1.366,3.35,2.721,2.209,2.473,2.002,0.8089999999999999,2.99,1.119,1.884,3.526,1.978,2.854,1.875,1.201,2.002,0.896,2.384,2.002
V,2.324,0.22299999999999998,2.871,2.726,2.6189999999999998,0.948,2.002,1.454,2.814,1.29,1.583,2.374,0.96,0.5640000000000001,1.538,0.46099999999999997,0.896,2.002,1.674,2.002
W,3.063,1.687,2.355,2.707,1.41,1.5190000000000001,2.002,1.186,2.75,2.5469999999999997,2.683,2.629,1.5779999999999998,2.363,1.6280000000000001,1.767,2.384,1.674,2.002,2.002
Y,2.002,2.002,2.002,2.002,2.002,2.002,2.002,2.002,2.002,2.002,2.002,2.002,2.002,2.002,2.002,2.002,2.002,2.002,2.002,2.002
