,A,C,D,E,F,G,H,I,K,L,M,N,P,Q,R,S,T,V,W,Y
A,2.012,1.471,2.383,1.891,3.049,1.3,2.153,1.9929999999999999,2.9050000000000002,3.083,1.942,1.751,0.841,2.3979999999999997,3.221,1.5030000000000001,2.568,2.351,3.06,2.012
C,1.471,2.012,1.431,1.4929999999999999,2.107,1.288,1.721,0.32799999999999996,1.585,0.06799999999999995,0.913,2.443,1.681,1.751,2.089,0.97,1.436,0.33299999999999996,1.7309999999999999,2.012
D,2.383,1.431,2.012,3.691,1.956,3.107,2.948,1.4969999999999999,3.233,1.536,2.024,2.541,2.949,3.306,2.907,3.75,3.422,2.912,1.8639999999999999,2.012
E,1.891,1.4929999999999999,3.691,2.012,2.519,2.518,2.476,2.5069999999999997,2.401,2.537,2.535,2.4770000000000003,2.5309999999999997,1.6909999999999998,2.467,2.495,2.49,2.526,2.503,2.012
F,3.049,2.107,1.956,2.519,2.012,1.812,1.522,2.987,2.6790000000000003,3.036,2.535,2.092,1.287,2.2119999999999997,2.06,1.8900000000000001,2.17,2.565,1.171,2.012
G,1.3,1.288,3.107,2.518,1.812,2.012,2.495,2.3,2.5060000000000002,2.327,1.505,2.705,1.653,2.526,2.456,2.067,2.498,1.055,1.616,2.012
H,2.153,1.721,2.948,2.476,1.522,2.495,2.012,2.012,2.012,2.012,2.012,2.012,2.012,2.012,2.012,2.012,2.012,2.012,2.012,2.012
I,1.9929999999999999,0.32799999999999996,1.4969999999999999,2.5069999999999997,2.987,2.3,2.012,2.012,2.2649999999999997,1.795,1.5550000000000002,1.314,1.226,2.2649999999999997,1.282,0.8180000000000001,1.159,1.7029999999999998,1.2730000000000001,2.012
K,2.9050000000000002,1.585,3.233,2.401,2.6790000000000003,2.5060000000000002,2.012,2.2649999999999997,2.012,1.5470000000000002,2.9059999999999997,3.055,2.957,3.018,2.642,3.021,2.9219999999999997,2.769,2.7,2.012
L,3.083,0.06799999999999995,1.536,2.537,3.036,2.327,2.012,1.795,1.5470000000000002,2.012,0.726,1.909,1.994,1.262,2.199,1.826,1.102,1.371,2.592,2.012
M,1.942,0.913,2.024,2.535,2.535,1.505,2.012,1.5550000000000002,2.9059999999999997,0.726,2.012,1.8050000000000002,2.575,1.245,1.424,1.771,1.992,1.616,2.643,2.012
N,1.751,2.443,2.541,2.4770000000000003,2.092,2.705,2.012,1.314,3.055,1.909,1.8050000000000002,2.012,3.323,3.409,3.695,3.238,3.505,2.3369999999999997,2.582,2.012
P,0.841,1.681,2.949,2.5309999999999997,1.287,1.653,2.012,1.226,2.957,1.994,2.575,3.323,2.012,2.456,2.308,2.214,2.122,0.978,1.714,2.012
Q,2.3979999999999997,1.751,3.306,1.6909999999999998,2.2119999999999997,2.526,2.012,2.2649999999999997,3.018,1.262,1.245,3.409,2.456,2.012,3.056,2.806,3.08,0.637,2.365,2.012
R,3.221,2.089,2.907,2.467,2.06,2.456,2.012,1.282,2.642,2.199,1.424,3.695,2.308,3.056,2.012,1.883,1.9,1.581,1.679,2.012
S,1.5030000000000001,0.97,3.75,2.495,1.8900000000000001,2.067,2.012,0.8180000000000001,3.021,1.826,1.771,3.238,2.214,2.806,1.883,2.012,1.341,0.554,1.874,2.012
T,2.568,1.436,3.422,2.49,2.17,2.498,2.012,1.159,2.9219999999999997,1.102,1.992,3.505,2.122,3.08,1.9,1.341,2.012,0.844,2.52,2.012
V,2.351,0.33299999999999996,2.912,2.526,2.565,1.055,2.012,1.7029999999999998,2.769,1.371,1.616,2.3369999999999997,0.978,0.637,1.581,0.554,0.844,2.012,1.724,2.012
W,3.06,1.7309999999999999,1.8639999999999999,2.503,1.171,1.616,2.012,1.2730000000000001,2.7,2.592,2.643,2.582,1.714,2.365,1.679,1.874,2.52,1.724,2.012,2.012
Y,2.012,2.012,2.012,2.012,2.012,2.012,2.012,2.012,2.012,2.012,2.012,2.012,2.012,2.012,2.012,2.012,2.012,2.012,2.012,2.012
