,A,C,D,E,F,G,H,I,K,L,M,N,P,Q,R,S,T,V,W,Y
A,2.502,2.502,2.502,2.502,2.502,2.502,2.502,2.502,2.502,2.502,2.502,2.502,2.502,2.502,2.502,2.502,2.502,2.502,2.502,2.502
C,2.502,2.502,2.502,2.502,2.502,2.502,2.502,2.502,2.502,2.502,2.502,2.502,2.502,2.502,2.502,2.502,2.502,2.502,2.502,2.502
D,2.502,2.502,2.502,3.958,1.7650000000000001,3.471,2.8440000000000003,1.5350000000000001,3.644,1.5190000000000001,1.8050000000000002,3.058,3.436,3.02,3.383,3.794,3.488,3.015,1.724,2.502
E,2.502,2.502,3.958,2.502,2.502,2.502,2.502,2.502,2.502,2.502,2.502,2.502,2.502,2.502,2.502,2.502,2.502,2.502,2.502,2.502
F,2.502,2.502,1.7650000000000001,2.502,2.502,2.502,2.502,2.502,2.502,2.502,2.502,2.502,2.502,2.502,2.502,2.502,2.502,2.502,2.502,2.502
G,2.502,2.502,3.471,2.502,2.502,2.502,2.502,2.502,2.502,2.502,2.502,2.502,2.502,2.502,2.502,2.502,2.502,2.502,2.502,2.502
H,2.502,2.502,2.8440000000000003,2.502,2.502,2.502,2.502,2.502,2.502,2.502,2.502,2.502,2.502,2.502,2.502,2.502,2.502,2.502,2.502,2.502
I,2.502,2.502,1.5350000000000001,2.502,2.502,2.502,2.502,2.502,2.502,2.502,2.502,2.502,2.502,2.502,2.502,2.502,2.502,2.502,2.502,2.502
K,2.502,2.502,3.644,2.502,2.502,2.502,2.502,2.502,2.502,2.502,2.502,2.502,2.502,2.502,2.502,2.502,2.502,2.502,2.502,2.502
L,2.502,2.502,1.5190000000000001,2.502,2.502,2.502,2.502,2.502,2.502,2.502,1.609,3.364,3.408,2.057,3.461,3.434,1.663,2.041,3.81,2.502
M,2.502,2.502,1.8050000000000002,2.502,2.502,2.502,2.502,2.502,2.502,1.609,2.502,2.832,3.754,1.037,0.32199999999999995,2.254,2.7199999999999998,1.643,2.864,2.502
N,2.502,2.502,3.058,2.502,2.502,2.502,2.502,2.502,2.502,3.364,2.832,2.502,3.184,3.734,3.54,3.927,3.678,2.918,3.042,2.502
P,2.502,2.502,3.436,2.502,2.502,2.502,2.502,2.502,2.502,3.408,3.754,3.184,2.502,3.403,3.258,3.495,3.349,0.585,3.137,2.502
Q,2.502,2.502,3.02,2.502,2.502,2.502,2.502,2.502,2.502,2.057,1.037,3.734,3.403,2.502,2.509,3.49,3.977,0.269,2.526,2.502
R,2.502,2.502,3.383,2.502,2.502,2.502,2.502,2.502,2.502,3.461,0.32199999999999995,3.54,3.258,2.509,2.502,2.502,2.502,2.502,2.502,2.502
S,2.502,2.502,3.794,2.502,2.502,2.502,2.502,2.502,2.502,3.434,2.254,3.927,3.495,3.49,2.502,2.502,2.502,2.502,2.502,2.502
T,2.502,2.502,3.488,2.502,2.502,2.502,2.502,2.502,2.502,1.663,2.7199999999999998,3.678,3.349,3.977,2.502,2.502,2.502,-0.08000000000000007,3.574,2.502
V,2.502,2.502,3.015,2.502,2.502,2.502,2.502,2.502,2.502,2.041,1.643,2.918,0.585,0.269,2.502,2.502,-0.08000000000000007,2.502,2.502,2.502
W,2.502,2.502,1.724,2.502,2.502,2.502,2.502,2.502,2.502,3.81,2.864,3.042,3.137,2.526,2.502,2.502,3.574,2.502,2.502,2.502
Y,2.502,2.502,2.502,2.502,2.502,2.502,2.502,2.502,2.502,2.502,2.502,2.502,2.502,2.502,2.502,2.502,2.502,2.502,2.502,2.502
