,A,C,D,E,F,G,H,I,K,L,M,N,P,Q,R,S,T,V,W,Y
A,2.021,1.426,2.338,1.897,3.028,1.287,2.1180000000000003,1.944,2.902,3.08,1.896,1.697,0.832,2.3810000000000002,3.229,1.462,2.559,2.3369999999999997,3.044,2.021
C,1.426,2.021,1.419,1.479,2.115,1.258,1.704,0.32099999999999995,1.573,0.052000000000000046,0.913,2.448,1.67,1.73,2.069,0.974,1.438,0.32699999999999996,1.736,2.021
D,2.338,1.419,2.021,3.632,1.884,3.045,2.863,1.42,3.17,1.463,1.9409999999999998,2.4219999999999997,2.883,3.243,2.8360000000000003,3.703,3.389,2.883,1.786,2.021
E,1.897,1.479,3.632,2.021,2.689,2.718,2.755,2.677,2.681,2.6950000000000003,2.778,2.767,2.7809999999999997,1.475,2.749,2.778,2.7560000000000002,2.738,2.7119999999999997,2.021
F,3.028,2.115,1.884,2.689,2.021,1.8050000000000002,1.655,3.079,2.685,3.219,2.6879999999999997,2.0949999999999998,1.361,2.242,2.093,1.9409999999999998,2.208,2.63,1.411,2.021
G,1.287,1.258,3.045,2.718,1.8050000000000002,2.021,2.51,2.3120000000000003,2.526,2.332,1.492,2.739,1.635,2.544,2.4699999999999998,2.068,2.508,1.04,1.599,2.021
H,2.1180000000000003,1.704,2.863,2.755,1.655,2.51,2.021,2.021,2.021,2.021,2.021,2.021,2.021,2.021,2.021,2.021,2.021,2.021,2.021,2.021
I,1.944,0.32099999999999995,1.42,2.677,3.079,2.3120000000000003,2.021,2.021,2.409,1.798,1.351,1.2429999999999999,1.093,2.412,1.437,0.65,0.886,1.56,1.2469999999999999,2.021
K,2.902,1.573,3.17,2.681,2.685,2.526,2.021,2.409,2.021,1.663,3.006,3.235,3.082,3.251,2.866,3.161,3.041,2.8369999999999997,2.768,2.021
L,3.08,0.052000000000000046,1.463,2.6950000000000003,3.219,2.332,2.021,1.798,1.663,2.021,0.6699999999999999,1.858,1.938,1.203,2.16,1.775,1.103,1.3719999999999999,2.543,2.021
M,1.896,0.913,1.9409999999999998,2.778,2.6879999999999997,1.492,2.021,1.351,3.006,0.6699999999999999,2.021,1.9060000000000001,2.8040000000000003,1.267,1.501,1.921,2.041,1.669,2.74,2.021
N,1.697,2.448,2.4219999999999997,2.767,2.0949999999999998,2.739,2.021,1.2429999999999999,3.235,1.858,1.9060000000000001,2.021,3.406,3.455,3.78,3.262,3.556,2.373,2.609,2.021
P,0.832,1.67,2.883,2.7809999999999997,1.361,1.635,2.021,1.093,3.082,1.938,2.8040000000000003,3.406,2.021,2.42,2.271,2.146,2.083,1.029,1.673,2.021
Q,2.3810000000000002,1.73,3.243,1.475,2.242,2.544,2.021,2.412,3.251,1.203,1.267,3.455,2.42,2.021,2.9779999999999998,2.667,2.926,0.54,2.221,2.021
R,3.229,2.069,2.8360000000000003,2.749,2.093,2.4699999999999998,2.021,1.437,2.866,2.16,1.501,3.78,2.271,2.9779999999999998,2.021,1.896,1.9220000000000002,1.579,1.6800000000000002,2.021
S,1.462,0.974,3.703,2.778,1.9409999999999998,2.068,2.021,0.65,3.161,1.775,1.921,3.262,2.146,2.667,1.896,2.021,1.275,0.515,1.772,2.021
T,2.559,1.438,3.389,2.7560000000000002,2.208,2.508,2.021,0.886,3.041,1.103,2.041,3.556,2.083,2.926,1.9220000000000002,1.275,2.021,1.003,2.3129999999999997,2.021
V,2.3369999999999997,0.32699999999999996,2.883,2.738,2.63,1.04,2.021,1.56,2.8369999999999997,1.3719999999999999,1.669,2.373,1.029,0.54,1.579,0.515,1.003,2.021,1.73,2.021
W,3.044,1.736,1.786,2.7119999999999997,1.411,1.599,2.021,1.2469999999999999,2.768,2.543,2.74,2.609,1.673,2.221,1.6800000000000002,1.772,2.3129999999999997,1.73,2.021,2.021
Y,2.021,2.021,2.021,2.021,2.021,2.021,2.021,2.021,2.021,2.021,2.021,2.021,2.021,2.021,2.021,2.021,2.021,2.021,2.021,2.021
