,A,C,D,E,F,G,H,I,K,L,M,N,P,Q,R,S,T,V,W,Y
A,2.01,1.455,2.396,1.8860000000000001,3.084,1.284,2.168,1.996,2.933,3.123,1.9449999999999998,1.7530000000000001,0.808,2.4219999999999997,3.261,1.491,2.5869999999999997,2.383,3.091,2.01
C,1.455,2.01,1.19,1.288,1.897,1.08,1.5030000000000001,0.598,1.383,0.32799999999999996,0.926,2.2649999999999997,1.475,1.5350000000000001,1.9220000000000002,0.987,1.521,0.602,1.4729999999999999,2.01
D,2.396,1.19,2.01,3.764,1.913,3.087,2.9379999999999997,1.446,3.23,1.486,1.979,2.5460000000000003,2.9210000000000003,3.334,2.872,3.783,3.442,2.907,1.823,2.01
E,1.8860000000000001,1.288,3.764,2.01,2.7350000000000003,2.752,2.7279999999999998,2.718,2.63,2.741,2.783,2.7350000000000003,2.7809999999999997,1.5190000000000001,2.725,2.751,2.749,2.763,2.7560000000000002,2.01
F,3.084,1.897,1.913,2.7350000000000003,2.01,1.818,1.659,3.1,2.6790000000000003,3.187,2.666,2.108,1.3719999999999999,2.213,2.107,1.9340000000000002,2.214,2.634,1.405,2.01
G,1.284,1.08,3.087,2.752,1.818,2.01,2.511,2.314,2.521,2.3360000000000003,1.476,2.737,1.624,2.537,2.472,2.068,2.5060000000000002,1.022,1.597,2.01
H,2.168,1.5030000000000001,2.9379999999999997,2.7279999999999998,1.659,2.511,2.01,2.01,2.01,2.01,2.01,2.01,2.01,2.01,2.01,2.01,2.01,2.01,2.01,2.01
I,1.996,0.598,1.446,2.718,3.1,2.314,2.01,2.01,2.359,1.7810000000000001,1.322,1.166,0.981,2.3520000000000003,1.3599999999999999,0.675,0.933,1.504,1.1,2.01
K,2.933,1.383,3.23,2.63,2.6790000000000003,2.521,2.01,2.359,2.01,1.643,3.019,3.248,3.097,3.245,2.857,3.164,3.061,2.854,2.79,2.01
L,3.123,0.32799999999999996,1.486,2.741,3.187,2.3360000000000003,2.01,1.7810000000000001,1.643,2.01,0.733,1.8090000000000002,1.8900000000000001,1.259,2.108,1.812,1.024,1.28,2.609,2.01
M,1.9449999999999998,0.926,1.979,2.783,2.666,1.476,2.01,1.322,3.019,0.733,2.01,1.796,2.5700000000000003,1.267,1.403,1.752,2.06,1.6480000000000001,2.645,2.01
N,1.7530000000000001,2.2649999999999997,2.5460000000000003,2.7350000000000003,2.108,2.737,2.01,1.166,3.248,1.8090000000000002,1.796,2.01,3.443,3.572,3.854,3.39,3.674,2.42,2.685,2.01
P,0.808,1.475,2.9210000000000003,2.7809999999999997,1.3719999999999999,1.624,2.01,0.981,3.097,1.8900000000000001,2.5700000000000003,3.443,2.01,2.4770000000000003,2.3200000000000003,2.221,2.135,0.973,1.721,2.01
Q,2.4219999999999997,1.5350000000000001,3.334,1.5190000000000001,2.213,2.537,2.01,2.3520000000000003,3.245,1.259,1.267,3.572,2.4770000000000003,2.01,2.9450000000000003,2.717,2.9930000000000003,0.492,2.25,2.01
R,3.261,1.9220000000000002,2.872,2.725,2.107,2.472,2.01,1.3599999999999999,2.857,2.108,1.403,3.854,2.3200000000000003,2.9450000000000003,2.01,1.8559999999999999,1.881,1.532,1.633,2.01
S,1.491,0.987,3.783,2.751,1.9340000000000002,2.068,2.01,0.675,3.164,1.812,1.752,3.39,2.221,2.717,1.8559999999999999,2.01,1.317,0.558,1.87,2.01
T,2.5869999999999997,1.521,3.442,2.749,2.214,2.5060000000000002,2.01,0.933,3.061,1.024,2.06,3.674,2.135,2.9930000000000003,1.881,1.317,2.01,0.6930000000000001,2.4770000000000003,2.01
V,2.383,0.602,2.907,2.763,2.634,1.022,2.01,1.504,2.854,1.28,1.6480000000000001,2.42,0.973,0.492,1.532,0.558,0.6930000000000001,2.01,1.706,2.01
W,3.091,1.4729999999999999,1.823,2.7560000000000002,1.405,1.597,2.01,1.1,2.79,2.609,2.645,2.685,1.721,2.25,1.633,1.87,2.4770000000000003,1.706,2.01,2.01
Y,2.01,2.01,2.01,2.01,2.01,2.01,2.01,2.01,2.01,2.01,2.01,2.01,2.01,2.01,2.01,2.01,2.01,2.01,2.01,2.01
