,A,C,D,E,F,G,H,I,K,L,M,N,P,Q,R,S,T,V,W,Y
A,2.01,1.461,2.384,1.885,3.045,1.289,2.149,1.987,2.891,3.089,1.925,1.749,0.8180000000000001,2.385,3.225,1.4849999999999999,2.5549999999999997,2.351,3.062,2.01
C,1.461,2.01,1.414,1.468,2.092,1.2690000000000001,1.701,0.29300000000000004,1.573,0.02400000000000002,0.879,2.435,1.6680000000000001,1.728,2.0709999999999997,0.942,1.421,0.29800000000000004,1.7189999999999999,2.01
D,2.384,1.414,2.01,3.704,1.9569999999999999,3.104,2.95,1.495,3.234,1.5310000000000001,2.017,2.5380000000000003,2.947,3.312,2.901,3.754,3.435,2.911,1.8599999999999999,2.01
E,1.885,1.468,3.704,2.01,2.5300000000000002,2.5140000000000002,2.456,2.5149999999999997,2.4,2.549,2.5300000000000002,2.474,2.532,1.69,2.466,2.4939999999999998,2.498,2.5309999999999997,2.5149999999999997,2.01
F,3.045,2.092,1.9569999999999999,2.5300000000000002,2.01,1.823,1.525,2.9850000000000003,2.682,3.025,2.534,2.0940000000000003,1.279,2.209,2.0709999999999997,1.8860000000000001,2.159,2.583,1.167,2.01
G,1.289,1.2690000000000001,3.104,2.5140000000000002,1.823,2.01,2.496,2.294,2.505,2.3280000000000003,1.502,2.7,1.651,2.5229999999999997,2.4619999999999997,2.06,2.496,1.045,1.607,2.01
H,2.149,1.701,2.95,2.456,1.525,2.496,2.01,2.01,2.01,2.01,2.01,2.01,2.01,2.01,2.01,2.01,2.01,2.01,2.01,2.01
I,1.987,0.29300000000000004,1.495,2.5149999999999997,2.9850000000000003,2.294,2.01,2.01,2.2649999999999997,1.942,1.674,1.315,1.219,2.2569999999999997,1.595,0.813,1.2690000000000001,1.69,1.385,2.01
K,2.891,1.573,3.234,2.4,2.682,2.505,2.01,2.2649999999999997,2.01,1.5390000000000001,2.915,3.062,2.965,3.001,2.644,3.017,2.9210000000000003,2.7649999999999997,2.709,2.01
L,3.089,0.02400000000000002,1.5310000000000001,2.549,3.025,2.3280000000000003,2.01,1.942,1.5390000000000001,2.01,0.677,1.903,1.986,1.249,2.192,1.8159999999999998,1.091,1.341,2.583,2.01
M,1.925,0.879,2.017,2.5300000000000002,2.534,1.502,2.01,1.674,2.915,0.677,2.01,1.799,2.567,1.319,1.419,1.766,1.986,1.697,2.634,2.01
N,1.749,2.435,2.5380000000000003,2.474,2.0940000000000003,2.7,2.01,1.315,3.062,1.903,1.799,2.01,3.316,3.405,3.698,3.241,3.507,2.339,2.5789999999999997,2.01
P,0.8180000000000001,1.6680000000000001,2.947,2.532,1.279,1.651,2.01,1.219,2.965,1.986,2.567,3.316,2.01,2.458,2.301,2.214,2.12,0.967,1.714,2.01
Q,2.385,1.728,3.312,1.69,2.209,2.5229999999999997,2.01,2.2569999999999997,3.001,1.249,1.319,3.405,2.458,2.01,3.06,2.811,3.079,0.615,2.358,2.01
R,3.225,2.0709999999999997,2.901,2.466,2.0709999999999997,2.4619999999999997,2.01,1.595,2.644,2.192,1.419,3.698,2.301,3.06,2.01,1.8639999999999999,1.888,1.5699999999999998,1.6640000000000001,2.01
S,1.4849999999999999,0.942,3.754,2.4939999999999998,1.8860000000000001,2.06,2.01,0.813,3.017,1.8159999999999998,1.766,3.241,2.214,2.811,1.8639999999999999,2.01,1.319,0.546,1.865,2.01
T,2.5549999999999997,1.421,3.435,2.498,2.159,2.496,2.01,1.2690000000000001,2.9210000000000003,1.091,1.986,3.507,2.12,3.079,1.888,1.319,2.01,0.817,2.5229999999999997,2.01
V,2.351,0.29800000000000004,2.911,2.5309999999999997,2.583,1.045,2.01,1.69,2.7649999999999997,1.341,1.697,2.339,0.967,0.615,1.5699999999999998,0.546,0.817,2.01,1.71,2.01
W,3.062,1.7189999999999999,1.8599999999999999,2.5149999999999997,1.167,1.607,2.01,1.385,2.709,2.583,2.634,2.5789999999999997,1.714,2.358,1.6640000000000001,1.865,2.5229999999999997,1.71,2.01,2.01
Y,2.01,2.01,2.01,2.01,2.01,2.01,2.01,2.01,2.01,2.01,2.01,2.01,2.01,2.01,2.01,2.01,2.01,2.01,2.01,2.01
