,A,C,D,E,F,G,H,I,K,L,M,N,P,Q,R,S,T,V,W,Y
A,2.0620000000000003,1.474,2.358,1.8479999999999999,3.032,1.289,2.138,1.9729999999999999,2.8970000000000002,3.077,1.928,1.7309999999999999,0.8260000000000001,2.396,3.219,1.536,2.565,2.3520000000000003,3.047,2.0620000000000003
C,1.474,2.0620000000000003,1.4729999999999999,1.526,2.149,1.31,1.759,0.41500000000000004,1.63,0.14700000000000002,0.986,2.4770000000000003,1.7229999999999999,1.786,2.1180000000000003,1.047,1.4889999999999999,0.42400000000000004,1.788,2.0620000000000003
D,2.358,1.4729999999999999,2.0620000000000003,3.625,1.842,2.9930000000000003,2.819,1.5859999999999999,3.115,1.631,1.904,2.592,2.8289999999999997,3.174,2.786,3.631,3.308,2.824,1.745,2.0620000000000003
E,1.8479999999999999,1.526,3.625,2.0620000000000003,2.699,2.723,2.747,2.685,2.681,2.714,2.7800000000000002,2.755,2.792,1.5590000000000002,2.74,2.776,2.763,2.731,2.7199999999999998,2.0620000000000003
F,3.032,2.149,1.842,2.699,2.0620000000000003,1.7429999999999999,1.968,3.323,2.614,3.05,2.8289999999999997,2.5140000000000002,1.678,2.159,1.9969999999999999,2.3449999999999998,2.669,2.51,1.713,2.0620000000000003
G,1.289,1.31,2.9930000000000003,2.723,1.7429999999999999,2.0620000000000003,2.498,2.316,2.5069999999999997,2.339,1.478,2.724,1.6280000000000001,2.5380000000000003,2.472,2.065,2.5060000000000002,1.043,1.595,2.0620000000000003
H,2.138,1.759,2.819,2.747,1.968,2.498,2.0620000000000003,2.0620000000000003,2.0620000000000003,2.0620000000000003,2.0620000000000003,2.0620000000000003,2.0620000000000003,2.0620000000000003,2.0620000000000003,2.0620000000000003,2.0620000000000003,2.0620000000000003,2.0620000000000003,2.0620000000000003
I,1.9729999999999999,0.41500000000000004,1.5859999999999999,2.685,3.323,2.316,2.0620000000000003,2.0620000000000003,2.457,1.843,1.389,1.286,1.1320000000000001,2.4539999999999997,1.484,0.671,0.9299999999999999,1.616,1.294,2.0620000000000003
K,2.8970000000000002,1.63,3.115,2.681,2.614,2.5069999999999997,2.0620000000000003,2.457,2.0620000000000003,1.599,2.98,3.198,3.062,3.219,2.867,3.13,3.007,2.814,2.754,2.0620000000000003
L,3.077,0.14700000000000002,1.631,2.714,3.05,2.339,2.0620000000000003,1.843,1.599,2.0620000000000003,0.798,1.871,1.9489999999999998,1.236,2.177,1.783,1.074,1.425,2.558,2.0620000000000003
M,1.928,0.986,1.904,2.7800000000000002,2.8289999999999997,1.478,2.0620000000000003,1.389,2.98,0.798,2.0620000000000003,1.722,2.491,1.104,1.453,1.895,1.818,1.675,2.542,2.0620000000000003
N,1.7309999999999999,2.4770000000000003,2.592,2.755,2.5140000000000002,2.724,2.0620000000000003,1.286,3.198,1.871,1.722,2.0620000000000003,3.455,3.547,3.843,3.34,3.638,2.441,2.6950000000000003,2.0620000000000003
P,0.8260000000000001,1.7229999999999999,2.8289999999999997,2.792,1.678,1.6280000000000001,2.0620000000000003,1.1320000000000001,3.062,1.9489999999999998,2.491,3.455,2.0620000000000003,2.45,2.3040000000000003,2.1399999999999997,2.105,0.913,1.6909999999999998,2.0620000000000003
Q,2.396,1.786,3.174,1.5590000000000002,2.159,2.5380000000000003,2.0620000000000003,2.4539999999999997,3.219,1.236,1.104,3.547,2.45,2.0620000000000003,2.9619999999999997,2.6479999999999997,2.939,0.738,2.7800000000000002,2.0620000000000003
R,3.219,2.1180000000000003,2.786,2.74,1.9969999999999999,2.472,2.0620000000000003,1.484,2.867,2.177,1.453,3.843,2.3040000000000003,2.9619999999999997,2.0620000000000003,1.9529999999999998,1.971,1.645,1.7389999999999999,2.0620000000000003
S,1.536,1.047,3.631,2.776,2.3449999999999998,2.065,2.0620000000000003,0.671,3.13,1.783,1.895,3.34,2.1399999999999997,2.6479999999999997,1.9529999999999998,2.0620000000000003,1.484,0.859,2.2359999999999998,2.0620000000000003
T,2.565,1.4889999999999999,3.308,2.763,2.669,2.5060000000000002,2.0620000000000003,0.9299999999999999,3.007,1.074,1.818,3.638,2.105,2.939,1.971,1.484,2.0620000000000003,0.866,2.412,2.0620000000000003
V,2.3520000000000003,0.42400000000000004,2.824,2.731,2.51,1.043,2.0620000000000003,1.616,2.814,1.425,1.675,2.441,0.913,0.738,1.645,0.859,0.866,2.0620000000000003,1.911,2.0620000000000003
W,3.047,1.788,1.745,2.7199999999999998,1.713,1.595,2.0620000000000003,1.294,2.754,2.558,2.542,2.6950000000000003,1.6909999999999998,2.7800000000000002,1.7389999999999999,2.2359999999999998,2.412,1.911,2.0620000000000003,2.0620000000000003
Y,2.0620000000000003,2.0620000000000003,2.0620000000000003,2.0620000000000003,2.0620000000000003,2.0620000000000003,2.0620000000000003,2.0620000000000003,2.0620000000000003,2.0620000000000003,2.0620000000000003,2.0620000000000003,2.0620000000000003,2.0620000000000003,2.0620000000000003,2.0620000000000003,2.0620000000000003,2.0620000000000003,2.0620000000000003,2.0620000000000003
