,A,C,D,E,F,G,H,I,K,L,M,N,P,Q,R,S,T,V,W,Y
A,1.716,1.075,1.835,1.978,2.987,1.27,1.9769999999999999,1.196,2.3520000000000003,2.9459999999999997,1.393,1.9260000000000002,1.191,2.069,3.018,0.8069999999999999,2.142,1.491,2.98,1.716
C,1.075,1.716,1.716,1.716,1.716,1.716,1.716,1.716,1.716,1.716,1.716,1.716,1.716,1.716,1.716,1.716,1.716,1.716,1.716,1.716
D,1.835,1.716,1.716,1.716,1.716,1.716,1.716,1.716,1.716,1.716,1.716,1.716,1.716,1.716,1.716,1.716,1.716,1.716,1.716,1.716
E,1.978,1.716,1.716,1.716,1.716,1.716,1.716,1.716,1.716,1.716,1.716,1.716,1.716,1.716,1.716,1.716,1.716,1.716,1.716,1.716
F,2.987,1.716,1.716,1.716,1.716,1.716,1.716,1.716,1.716,1.716,1.716,1.716,1.716,1.716,1.716,1.716,1.716,1.716,1.716,1.716
G,1.27,1.716,1.716,1.716,1.716,1.716,1.716,1.716,1.716,1.716,1.716,1.716,1.716,1.716,1.716,1.716,1.716,1.716,1.716,1.716
H,1.9769999999999999,1.716,1.716,1.716,1.716,1.716,1.716,1.716,1.716,1.716,1.716,1.716,1.716,1.716,1.716,1.716,1.716,1.716,1.716,1.716
I,1.196,1.716,1.716,1.716,1.716,1.716,1.716,1.716,1.716,1.716,1.716,1.716,1.716,1.716,1.716,1.716,1.716,1.716,1.716,1.716
K,2.3520000000000003,1.716,1.716,1.716,1.716,1.716,1.716,1.716,1.716,1.716,1.716,1.716,1.716,1.716,1.716,1.716,1.716,1.716,1.716,1.716
L,2.9459999999999997,1.716,1.716,1.716,1.716,1.716,1.716,1.716,1.716,1.716,1.411,1.733,1.755,0.885,2.2359999999999998,1.9569999999999999,0.761,1.252,1.763,1.716
M,1.393,1.716,1.716,1.716,1.716,1.716,1.716,1.716,1.716,1.411,1.716,1.433,2.681,2.872,2.706,2.7,2.825,2.964,2.742,1.716
N,1.9260000000000002,1.716,1.716,1.716,1.716,1.716,1.716,1.716,1.716,1.733,1.433,1.716,1.52,1.288,1.976,1.7930000000000001,1.392,0.972,2.057,1.716
P,1.191,1.716,1.716,1.716,1.716,1.716,1.716,1.716,1.716,1.755,2.681,1.52,1.716,2.0229999999999997,2.2720000000000002,1.108,1.729,1.7069999999999999,2.058,1.716
Q,2.069,1.716,1.716,1.716,1.716,1.716,1.716,1.716,1.716,0.885,2.872,1.288,2.0229999999999997,1.716,1.716,1.716,1.716,1.716,1.716,1.716
R,3.018,1.716,1.716,1.716,1.716,1.716,1.716,1.716,1.716,2.2359999999999998,2.706,1.976,2.2720000000000002,1.716,1.716,1.716,1.716,1.716,1.716,1.716
S,0.8069999999999999,1.716,1.716,1.716,1.716,1.716,1.716,1.716,1.716,1.9569999999999999,2.7,1.7930000000000001,1.108,1.716,1.716,1.716,1.716,1.716,1.716,1.716
T,2.142,1.716,1.716,1.716,1.716,1.716,1.716,1.716,1.716,0.761,2.825,1.392,1.729,1.716,1.716,1.716,1.716,0.763,1.1,1.716
V,1.491,1.716,1.716,1.716,1.716,1.716,1.716,1.716,1.716,1.252,2.964,0.972,1.7069999999999999,1.716,1.716,1.716,0.763,1.716,2.29,1.716
W,2.98,1.716,1.716,1.716,1.716,1.716,1.716,1.716,1.716,1.763,2.742,2.057,2.058,1.716,1.716,1.716,1.1,2.29,1.716,1.716
Y,1.716,1.716,1.716,1.716,1.716,1.716,1.716,1.716,1.716,1.716,1.716,1.716,1.716,1.716,1.716,1.716,1.716,1.716,1.716,1.716
