,A,C,D,E,F,G,H,I,K,L,M,N,P,Q,R,S,T,V,W,Y
A,2.0540000000000003,1.462,2.357,1.855,3.045,1.283,2.1319999999999997,1.958,2.8979999999999997,3.082,1.908,1.721,0.832,2.391,3.235,1.5190000000000001,2.566,2.349,3.05,2.0540000000000003
C,1.462,2.0540000000000003,1.41,1.456,2.105,1.258,1.692,0.32699999999999996,1.557,0.062000000000000055,0.912,2.435,1.655,1.72,2.065,0.972,1.431,0.32699999999999996,1.7269999999999999,2.0540000000000003
D,2.357,1.41,2.0540000000000003,3.765,1.879,3.052,2.895,1.418,3.198,1.46,1.942,2.549,2.894,3.287,2.847,3.742,3.407,2.886,1.7890000000000001,2.0540000000000003
E,1.855,1.456,3.765,2.0540000000000003,2.71,2.734,2.76,2.69,2.691,2.713,2.795,2.77,2.801,1.5270000000000001,2.751,2.786,2.777,2.76,2.733,2.0540000000000003
F,3.045,2.105,1.879,2.71,2.0540000000000003,1.69,1.729,2.947,2.5629999999999997,3.265,2.754,1.9729999999999999,1.455,2.4610000000000003,2.317,2.08,2.069,2.792,1.608,2.0540000000000003
G,1.283,1.258,3.052,2.734,1.69,2.0540000000000003,2.3890000000000002,2.25,2.388,2.259,2.327,2.56,2.4130000000000003,2.419,2.3609999999999998,2.5060000000000002,2.384,2.177,1.395,2.0540000000000003
H,2.1319999999999997,1.692,2.895,2.76,1.729,2.3890000000000002,2.0540000000000003,2.0540000000000003,2.0540000000000003,2.0540000000000003,2.0540000000000003,2.0540000000000003,2.0540000000000003,2.0540000000000003,2.0540000000000003,2.0540000000000003,2.0540000000000003,2.0540000000000003,2.0540000000000003,2.0540000000000003
I,1.958,0.32699999999999996,1.418,2.69,2.947,2.25,2.0540000000000003,2.0540000000000003,2.247,1.762,1.293,1.096,0.953,2.261,1.2810000000000001,0.577,0.821,1.533,1.091,2.0540000000000003
K,2.8979999999999997,1.557,3.198,2.691,2.5629999999999997,2.388,2.0540000000000003,2.247,2.0540000000000003,1.6,3.004,3.229,3.081,3.245,2.888,3.15,3.029,2.841,2.782,2.0540000000000003
L,3.082,0.062000000000000055,1.46,2.713,3.265,2.259,2.0540000000000003,1.762,1.6,2.0540000000000003,0.784,1.85,1.928,1.193,2.142,1.782,1.077,1.333,2.5140000000000002,2.0540000000000003
M,1.908,0.912,1.942,2.795,2.754,2.327,2.0540000000000003,1.293,3.004,0.784,2.0540000000000003,1.783,2.516,1.153,1.389,1.7309999999999999,1.8519999999999999,1.517,2.581,2.0540000000000003
N,1.721,2.435,2.549,2.77,1.9729999999999999,2.56,2.0540000000000003,1.096,3.229,1.85,1.783,2.0540000000000003,3.349,3.473,3.751,3.331,3.562,2.332,2.577,2.0540000000000003
P,0.832,1.655,2.894,2.801,1.455,2.4130000000000003,2.0540000000000003,0.953,3.081,1.928,2.516,3.349,2.0540000000000003,2.6790000000000003,2.5060000000000002,2.418,2.2809999999999997,1.072,1.865,2.0540000000000003
Q,2.391,1.72,3.287,1.5270000000000001,2.4610000000000003,2.419,2.0540000000000003,2.261,3.245,1.193,1.153,3.473,2.6790000000000003,2.0540000000000003,3.066,2.74,3.008,0.614,2.285,2.0540000000000003
R,3.235,2.065,2.847,2.751,2.317,2.3609999999999998,2.0540000000000003,1.2810000000000001,2.888,2.142,1.389,3.751,2.5060000000000002,3.066,2.0540000000000003,1.916,1.936,1.5819999999999999,1.685,2.0540000000000003
S,1.5190000000000001,0.972,3.742,2.786,2.08,2.5060000000000002,2.0540000000000003,0.577,3.15,1.782,1.7309999999999999,3.331,2.418,2.74,1.916,2.0540000000000003,1.306,0.476,1.787,2.0540000000000003
T,2.566,1.431,3.407,2.777,2.069,2.384,2.0540000000000003,0.821,3.029,1.077,1.8519999999999999,3.562,2.2809999999999997,3.008,1.936,1.306,2.0540000000000003,0.827,2.3899999999999997,2.0540000000000003
V,2.349,0.32699999999999996,2.886,2.76,2.792,2.177,2.0540000000000003,1.533,2.841,1.333,1.517,2.332,1.072,0.614,1.5819999999999999,0.476,0.827,2.0540000000000003,1.7770000000000001,2.0540000000000003
W,3.05,1.7269999999999999,1.7890000000000001,2.733,1.608,1.395,2.0540000000000003,1.091,2.782,2.5140000000000002,2.581,2.577,1.865,2.285,1.685,1.787,2.3899999999999997,1.7770000000000001,2.0540000000000003,2.0540000000000003
Y,2.0540000000000003,2.0540000000000003,2.0540000000000003,2.0540000000000003,2.0540000000000003,2.0540000000000003,2.0540000000000003,2.0540000000000003,2.0540000000000003,2.0540000000000003,2.0540000000000003,2.0540000000000003,2.0540000000000003,2.0540000000000003,2.0540000000000003,2.0540000000000003,2.0540000000000003,2.0540000000000003,2.0540000000000003,2.0540000000000003
