,A,C,D,E,F,G,H,I,K,L,M,N,P,Q,R,S,T,V,W,Y
A,2.0940000000000003,2.0940000000000003,2.0940000000000003,2.0940000000000003,2.0940000000000003,2.0940000000000003,2.0940000000000003,2.0940000000000003,2.0940000000000003,2.0940000000000003,2.0940000000000003,2.0940000000000003,2.0940000000000003,2.0940000000000003,2.0940000000000003,2.0940000000000003,2.0940000000000003,2.0940000000000003,2.0940000000000003,2.0940000000000003
C,2.0940000000000003,2.0940000000000003,2.0940000000000003,2.0940000000000003,2.0940000000000003,2.0940000000000003,2.0940000000000003,2.0940000000000003,2.0940000000000003,2.0940000000000003,2.0940000000000003,2.0940000000000003,2.0940000000000003,2.0940000000000003,2.0940000000000003,2.0940000000000003,2.0940000000000003,2.0940000000000003,2.0940000000000003,2.0940000000000003
D,2.0940000000000003,2.0940000000000003,2.0940000000000003,2.0940000000000003,2.0940000000000003,2.0940000000000003,2.0940000000000003,2.0940000000000003,2.0940000000000003,2.0940000000000003,2.0940000000000003,2.0940000000000003,2.0940000000000003,2.0940000000000003,2.0940000000000003,2.0940000000000003,2.0940000000000003,2.0940000000000003,2.0940000000000003,2.0940000000000003
E,2.0940000000000003,2.0940000000000003,2.0940000000000003,2.0940000000000003,1.8199999999999998,1.146,2.509,2.248,1.662,1.998,1.924,2.8200000000000003,2.411,3.293,3.083,2.832,2.653,2.745,2.193,2.0940000000000003
F,2.0940000000000003,2.0940000000000003,2.0940000000000003,1.8199999999999998,2.0940000000000003,2.121,1.9060000000000001,2.122,2.107,2.01,1.975,2.0620000000000003,2.161,2.06,2.113,2.0140000000000002,2.005,1.9849999999999999,2.066,2.0940000000000003
G,2.0940000000000003,2.0940000000000003,2.0940000000000003,1.146,2.121,2.0940000000000003,2.0940000000000003,2.0940000000000003,2.0940000000000003,2.0940000000000003,2.0940000000000003,2.0940000000000003,2.0940000000000003,2.0940000000000003,2.0940000000000003,2.0940000000000003,2.0940000000000003,2.0940000000000003,2.0940000000000003,2.0940000000000003
H,2.0940000000000003,2.0940000000000003,2.0940000000000003,2.509,1.9060000000000001,2.0940000000000003,2.0940000000000003,2.0940000000000003,2.0940000000000003,2.0940000000000003,2.0940000000000003,2.0940000000000003,2.0940000000000003,2.0940000000000003,2.0940000000000003,2.0940000000000003,2.0940000000000003,2.0940000000000003,2.0940000000000003,2.0940000000000003
I,2.0940000000000003,2.0940000000000003,2.0940000000000003,2.248,2.122,2.0940000000000003,2.0940000000000003,2.0940000000000003,1.359,1.679,2.056,1.954,1.086,1.8940000000000001,3.08,1.318,2.342,2.001,2.098,2.0940000000000003
K,2.0940000000000003,2.0940000000000003,2.0940000000000003,1.662,2.107,2.0940000000000003,2.0940000000000003,1.359,2.0940000000000003,1.1,2.1189999999999998,2.65,2.1109999999999998,3.221,1.677,1.467,2.2270000000000003,1.244,0.909,2.0940000000000003
L,2.0940000000000003,2.0940000000000003,2.0940000000000003,1.998,2.01,2.0940000000000003,2.0940000000000003,1.679,1.1,2.0940000000000003,2.088,2.0149999999999997,1.909,2.1799999999999997,1.843,2.2430000000000003,2.032,2.1029999999999998,2.064,2.0940000000000003
M,2.0940000000000003,2.0940000000000003,2.0940000000000003,1.924,1.975,2.0940000000000003,2.0940000000000003,2.056,2.1189999999999998,2.088,2.0940000000000003,2.0940000000000003,2.0940000000000003,2.0940000000000003,2.0940000000000003,2.0940000000000003,2.0940000000000003,2.0940000000000003,2.0940000000000003,2.0940000000000003
N,2.0940000000000003,2.0940000000000003,2.0940000000000003,2.8200000000000003,2.0620000000000003,2.0940000000000003,2.0940000000000003,1.954,2.65,2.0149999999999997,2.0940000000000003,2.0940000000000003,1.87,3.49,1.938,3.527,3.296,1.5110000000000001,1.4769999999999999,2.0940000000000003
P,2.0940000000000003,2.0940000000000003,2.0940000000000003,2.411,2.161,2.0940000000000003,2.0940000000000003,1.086,2.1109999999999998,1.909,2.0940000000000003,1.87,2.0940000000000003,2.0940000000000003,2.0940000000000003,2.0940000000000003,2.0940000000000003,2.0940000000000003,2.0940000000000003,2.0940000000000003
Q,2.0940000000000003,2.0940000000000003,2.0940000000000003,3.293,2.06,2.0940000000000003,2.0940000000000003,1.8940000000000001,3.221,2.1799999999999997,2.0940000000000003,3.49,2.0940000000000003,2.0940000000000003,2.0940000000000003,2.0940000000000003,2.0940000000000003,2.0940000000000003,2.0940000000000003,2.0940000000000003
R,2.0940000000000003,2.0940000000000003,2.0940000000000003,3.083,2.113,2.0940000000000003,2.0940000000000003,3.08,1.677,1.843,2.0940000000000003,1.938,2.0940000000000003,2.0940000000000003,2.0940000000000003,2.0940000000000003,2.0940000000000003,2.0940000000000003,2.0940000000000003,2.0940000000000003
S,2.0940000000000003,2.0940000000000003,2.0940000000000003,2.832,2.0140000000000002,2.0940000000000003,2.0940000000000003,1.318,1.467,2.2430000000000003,2.0940000000000003,3.527,2.0940000000000003,2.0940000000000003,2.0940000000000003,2.0940000000000003,2.6470000000000002,2.099,1.833,2.0940000000000003
T,2.0940000000000003,2.0940000000000003,2.0940000000000003,2.653,2.005,2.0940000000000003,2.0940000000000003,2.342,2.2270000000000003,2.032,2.0940000000000003,3.296,2.0940000000000003,2.0940000000000003,2.0940000000000003,2.6470000000000002,2.0940000000000003,2.0940000000000003,2.0940000000000003,2.0940000000000003
V,2.0940000000000003,2.0940000000000003,2.0940000000000003,2.745,1.9849999999999999,2.0940000000000003,2.0940000000000003,2.001,1.244,2.1029999999999998,2.0940000000000003,1.5110000000000001,2.0940000000000003,2.0940000000000003,2.0940000000000003,2.099,2.0940000000000003,2.0940000000000003,2.0940000000000003,2.0940000000000003
W,2.0940000000000003,2.0940000000000003,2.0940000000000003,2.193,2.066,2.0940000000000003,2.0940000000000003,2.098,0.909,2.064,2.0940000000000003,1.4769999999999999,2.0940000000000003,2.0940000000000003,2.0940000000000003,1.833,2.0940000000000003,2.0940000000000003,2.0940000000000003,2.0940000000000003
Y,2.0940000000000003,2.0940000000000003,2.0940000000000003,2.0940000000000003,2.0940000000000003,2.0940000000000003,2.0940000000000003,2.0940000000000003,2.0940000000000003,2.0940000000000003,2.0940000000000003,2.0940000000000003,2.0940000000000003,2.0940000000000003,2.0940000000000003,2.0940000000000003,2.0940000000000003,2.0940000000000003,2.0940000000000003,2.0940000000000003
