,A,C,D,E,F,G,H,I,K,L,M,N,P,Q,R,S,T,V,W,Y
A,2.024,1.488,2.399,1.903,3.081,1.317,2.181,2.011,2.933,3.122,1.96,1.7690000000000001,0.842,2.4290000000000003,3.265,1.517,2.601,2.386,3.074,2.024
C,1.488,2.024,1.444,1.494,2.1310000000000002,1.294,1.73,0.31799999999999995,1.603,0.061000000000000054,0.9299999999999999,2.473,1.6949999999999998,1.758,2.1020000000000003,0.983,1.45,0.33199999999999996,1.763,2.024
D,2.399,1.444,2.024,3.632,1.87,3.042,2.8609999999999998,1.41,3.168,1.453,1.931,2.42,2.88,3.239,2.8369999999999997,3.703,3.385,2.8819999999999997,1.778,2.024
E,1.903,1.494,3.632,2.024,2.725,2.753,2.739,2.71,2.633,2.731,2.787,2.737,2.79,1.5350000000000001,2.726,2.759,2.768,2.7649999999999997,2.737,2.024
F,3.081,2.1310000000000002,1.87,2.725,2.024,1.8399999999999999,1.683,3.104,2.709,3.196,2.706,2.1319999999999997,1.395,2.249,2.122,1.966,2.238,2.652,1.455,2.024
G,1.317,1.294,3.042,2.753,1.8399999999999999,2.024,2.511,2.311,2.524,2.333,1.483,2.742,1.624,2.54,2.467,2.068,2.505,1.034,1.6,2.024
H,2.181,1.73,2.8609999999999998,2.739,1.683,2.511,2.024,2.024,2.024,2.024,2.024,2.024,2.024,2.024,2.024,2.024,2.024,2.024,2.024,2.024
I,2.011,0.31799999999999995,1.41,2.71,3.104,2.311,2.024,2.024,2.424,1.808,1.359,1.246,1.089,2.424,1.439,0.653,0.903,1.5590000000000002,1.245,2.024
K,2.933,1.603,3.168,2.633,2.709,2.524,2.024,2.424,2.024,1.6520000000000001,3.016,3.231,3.088,3.239,2.87,3.16,3.034,2.846,2.774,2.024
L,3.122,0.061000000000000054,1.453,2.731,3.196,2.333,2.024,1.808,1.6520000000000001,2.024,0.5589999999999999,1.845,1.927,1.184,2.15,1.758,1.03,1.303,2.526,2.024
M,1.96,0.9299999999999999,1.931,2.787,2.706,1.483,2.024,1.359,3.016,0.5589999999999999,2.024,1.81,2.5620000000000003,1.1400000000000001,1.501,1.771,1.874,1.505,2.637,2.024
N,1.7690000000000001,2.473,2.42,2.737,2.1319999999999997,2.742,2.024,1.246,3.231,1.845,1.81,2.024,3.417,3.476,3.79,3.269,3.581,2.396,2.654,2.024
P,0.842,1.6949999999999998,2.88,2.79,1.395,1.624,2.024,1.089,3.088,1.927,2.5620000000000003,3.417,2.024,2.4139999999999997,2.2640000000000002,2.145,2.0789999999999997,0.925,1.669,2.024
Q,2.4290000000000003,1.758,3.239,1.5350000000000001,2.249,2.54,2.024,2.424,3.239,1.184,1.1400000000000001,3.476,2.4139999999999997,2.024,3.18,2.7039999999999997,2.972,0.638,2.249,2.024
R,3.265,2.1020000000000003,2.8369999999999997,2.726,2.122,2.467,2.024,1.439,2.87,2.15,1.501,3.79,2.2640000000000002,3.18,2.024,1.9100000000000001,1.925,1.595,1.6949999999999998,2.024
S,1.517,0.983,3.703,2.759,1.966,2.068,2.024,0.653,3.16,1.758,1.771,3.269,2.145,2.7039999999999997,1.9100000000000001,2.024,1.331,0.56,1.859,2.024
T,2.601,1.45,3.385,2.768,2.238,2.505,2.024,0.903,3.034,1.03,1.874,3.581,2.0789999999999997,2.972,1.925,1.331,2.024,0.737,2.448,2.024
V,2.386,0.33199999999999996,2.8819999999999997,2.7649999999999997,2.652,1.034,2.024,1.5590000000000002,2.846,1.303,1.505,2.396,0.925,0.638,1.595,0.56,0.737,2.024,1.752,2.024
W,3.074,1.763,1.778,2.737,1.455,1.6,2.024,1.245,2.774,2.526,2.637,2.654,1.669,2.249,1.6949999999999998,1.859,2.448,1.752,2.024,2.024
Y,2.024,2.024,2.024,2.024,2.024,2.024,2.024,2.024,2.024,2.024,2.024,2.024,2.024,2.024,2.024,2.024,2.024,2.024,2.024,2.024
