,A,C,D,E,F,G,H,I,K,L,M,N,P,Q,R,S,T,V,W,Y
A,2.105,2.105,2.105,2.105,2.105,2.105,2.105,2.105,2.105,2.105,2.105,2.105,2.105,2.105,2.105,2.105,2.105,2.105,2.105,2.105
C,2.105,2.105,2.105,2.105,2.105,2.105,2.105,2.105,2.105,2.105,2.105,2.105,2.105,2.105,2.105,2.105,2.105,2.105,2.105,2.105
D,2.105,2.105,2.105,2.105,2.105,2.105,2.105,2.105,2.105,2.105,2.105,2.105,2.105,2.105,2.105,2.105,2.105,2.105,2.105,2.105
E,2.105,2.105,2.105,2.105,1.838,1.127,2.495,2.258,1.654,2.012,1.97,2.917,2.466,3.416,3.185,2.9219999999999997,2.714,2.7720000000000002,2.218,2.105
F,2.105,2.105,2.105,1.838,2.105,2.191,1.8980000000000001,2.143,2.12,2.018,1.976,2.075,2.181,2.068,2.113,2.002,2.009,2.021,2.091,2.105
G,2.105,2.105,2.105,1.127,2.191,2.105,2.105,2.105,2.105,2.105,2.105,2.105,2.105,2.105,2.105,2.105,2.105,2.105,2.105,2.105
H,2.105,2.105,2.105,2.495,1.8980000000000001,2.105,2.105,2.105,2.105,2.105,2.105,2.105,2.105,2.105,2.105,2.105,2.105,2.105,2.105,2.105
I,2.105,2.105,2.105,2.258,2.143,2.105,2.105,2.105,1.149,1.6600000000000001,2.0469999999999997,1.784,0.951,1.8199999999999998,3.038,1.331,2.254,1.9809999999999999,2.191,2.105
K,2.105,2.105,2.105,1.654,2.12,2.105,2.105,1.149,2.105,1.091,2.113,2.623,2.035,3.47,1.686,1.3599999999999999,2.231,1.166,0.759,2.105
L,2.105,2.105,2.105,2.012,2.018,2.105,2.105,1.6600000000000001,1.091,2.105,2.1100000000000003,2.025,1.9,2.181,1.834,2.2110000000000003,2.04,2.1109999999999998,2.065,2.105
M,2.105,2.105,2.105,1.97,1.976,2.105,2.105,2.0469999999999997,2.113,2.1100000000000003,2.105,2.105,2.105,2.105,2.105,2.105,2.105,2.105,2.105,2.105
N,2.105,2.105,2.105,2.917,2.075,2.105,2.105,1.784,2.623,2.025,2.105,2.105,2.0309999999999997,3.595,1.9300000000000002,3.652,3.509,1.534,1.608,2.105
P,2.105,2.105,2.105,2.466,2.181,2.105,2.105,0.951,2.035,1.9,2.105,2.0309999999999997,2.105,2.105,2.105,2.105,2.105,2.105,2.105,2.105
Q,2.105,2.105,2.105,3.416,2.068,2.105,2.105,1.8199999999999998,3.47,2.181,2.105,3.595,2.105,2.105,2.105,2.105,2.105,2.105,2.105,2.105
R,2.105,2.105,2.105,3.185,2.113,2.105,2.105,3.038,1.686,1.834,2.105,1.9300000000000002,2.105,2.105,2.105,2.105,2.105,2.105,2.105,2.105
S,2.105,2.105,2.105,2.9219999999999997,2.002,2.105,2.105,1.331,1.3599999999999999,2.2110000000000003,2.105,3.652,2.105,2.105,2.105,2.105,2.646,2.126,1.8639999999999999,2.105
T,2.105,2.105,2.105,2.714,2.009,2.105,2.105,2.254,2.231,2.04,2.105,3.509,2.105,2.105,2.105,2.646,2.105,2.105,2.105,2.105
V,2.105,2.105,2.105,2.7720000000000002,2.021,2.105,2.105,1.9809999999999999,1.166,2.1109999999999998,2.105,1.534,2.105,2.105,2.105,2.126,2.105,2.105,2.105,2.105
W,2.105,2.105,2.105,2.218,2.091,2.105,2.105,2.191,0.759,2.065,2.105,1.608,2.105,2.105,2.105,1.8639999999999999,2.105,2.105,2.105,2.105
Y,2.105,2.105,2.105,2.105,2.105,2.105,2.105,2.105,2.105,2.105,2.105,2.105,2.105,2.105,2.105,2.105,2.105,2.105,2.105,2.105
