,A,C,D,E,F,G,H,I,K,L,M,N,P,Q,R,S,T,V,W,Y
A,2.1319999999999997,2.1319999999999997,2.1319999999999997,2.1319999999999997,2.1319999999999997,2.1319999999999997,2.1319999999999997,2.1319999999999997,2.1319999999999997,2.1319999999999997,2.1319999999999997,2.1319999999999997,2.1319999999999997,2.1319999999999997,2.1319999999999997,2.1319999999999997,2.1319999999999997,2.1319999999999997,2.1319999999999997,2.1319999999999997
C,2.1319999999999997,2.1319999999999997,2.1319999999999997,2.1319999999999997,2.1319999999999997,2.1319999999999997,2.1319999999999997,2.1319999999999997,2.1319999999999997,2.1319999999999997,2.1319999999999997,2.1319999999999997,2.1319999999999997,2.1319999999999997,2.1319999999999997,2.1319999999999997,2.1319999999999997,2.1319999999999997,2.1319999999999997,2.1319999999999997
D,2.1319999999999997,2.1319999999999997,2.1319999999999997,2.1319999999999997,2.1319999999999997,2.1319999999999997,2.1319999999999997,2.1319999999999997,2.1319999999999997,2.1319999999999997,2.1319999999999997,2.1319999999999997,2.1319999999999997,2.1319999999999997,2.1319999999999997,2.1319999999999997,2.1319999999999997,2.1319999999999997,2.1319999999999997,2.1319999999999997
E,2.1319999999999997,2.1319999999999997,2.1319999999999997,2.1319999999999997,1.8399999999999999,1.15,2.535,2.229,1.77,1.9689999999999999,1.923,2.942,2.473,3.508,3.217,2.883,2.749,2.786,2.221,2.1319999999999997
F,2.1319999999999997,2.1319999999999997,2.1319999999999997,1.8399999999999999,2.1319999999999997,2.189,1.947,2.152,2.1710000000000003,2.0469999999999997,2.0149999999999997,2.0860000000000003,2.232,2.1189999999999998,2.125,2.019,2.017,2.034,2.082,2.1319999999999997
G,2.1319999999999997,2.1319999999999997,2.1319999999999997,1.15,2.189,2.1319999999999997,2.1319999999999997,2.1319999999999997,2.1319999999999997,2.1319999999999997,2.1319999999999997,2.1319999999999997,2.1319999999999997,2.1319999999999997,2.1319999999999997,2.1319999999999997,2.1319999999999997,2.1319999999999997,2.1319999999999997,2.1319999999999997
H,2.1319999999999997,2.1319999999999997,2.1319999999999997,2.535,1.947,2.1319999999999997,2.1319999999999997,2.1319999999999997,2.1319999999999997,2.1319999999999997,2.1319999999999997,2.1319999999999997,2.1319999999999997,2.1319999999999997,2.1319999999999997,2.1319999999999997,2.1319999999999997,2.1319999999999997,2.1319999999999997,2.1319999999999997
I,2.1319999999999997,2.1319999999999997,2.1319999999999997,2.229,2.152,2.1319999999999997,2.1319999999999997,2.1319999999999997,1.358,1.688,2.122,1.967,1.073,1.792,3.014,1.183,2.295,2.0,2.15,2.1319999999999997
K,2.1319999999999997,2.1319999999999997,2.1319999999999997,1.77,2.1710000000000003,2.1319999999999997,2.1319999999999997,1.358,2.1319999999999997,1.138,2.176,2.7039999999999997,2.104,3.479,1.642,1.264,2.2969999999999997,1.145,0.833,2.1319999999999997
L,2.1319999999999997,2.1319999999999997,2.1319999999999997,1.9689999999999999,2.0469999999999997,2.1319999999999997,2.1319999999999997,1.688,1.138,2.1319999999999997,2.145,2.089,1.983,2.19,1.9060000000000001,2.239,2.043,2.1479999999999997,2.091,2.1319999999999997
M,2.1319999999999997,2.1319999999999997,2.1319999999999997,1.923,2.0149999999999997,2.1319999999999997,2.1319999999999997,2.122,2.176,2.145,2.1319999999999997,2.1319999999999997,2.1319999999999997,2.1319999999999997,2.1319999999999997,2.1319999999999997,2.1319999999999997,2.1319999999999997,2.1319999999999997,2.1319999999999997
N,2.1319999999999997,2.1319999999999997,2.1319999999999997,2.942,2.0860000000000003,2.1319999999999997,2.1319999999999997,1.967,2.7039999999999997,2.089,2.1319999999999997,2.1319999999999997,1.956,3.656,1.92,3.716,3.396,1.501,1.546,2.1319999999999997
P,2.1319999999999997,2.1319999999999997,2.1319999999999997,2.473,2.232,2.1319999999999997,2.1319999999999997,1.073,2.104,1.983,2.1319999999999997,1.956,2.1319999999999997,2.1319999999999997,2.1319999999999997,2.1319999999999997,2.1319999999999997,2.1319999999999997,2.1319999999999997,2.1319999999999997
Q,2.1319999999999997,2.1319999999999997,2.1319999999999997,3.508,2.1189999999999998,2.1319999999999997,2.1319999999999997,1.792,3.479,2.19,2.1319999999999997,3.656,2.1319999999999997,2.1319999999999997,2.1319999999999997,2.1319999999999997,2.1319999999999997,2.1319999999999997,2.1319999999999997,2.1319999999999997
R,2.1319999999999997,2.1319999999999997,2.1319999999999997,3.217,2.125,2.1319999999999997,2.1319999999999997,3.014,1.642,1.9060000000000001,2.1319999999999997,1.92,2.1319999999999997,2.1319999999999997,2.1319999999999997,2.1319999999999997,2.1319999999999997,2.1319999999999997,2.1319999999999997,2.1319999999999997
S,2.1319999999999997,2.1319999999999997,2.1319999999999997,2.883,2.019,2.1319999999999997,2.1319999999999997,1.183,1.264,2.239,2.1319999999999997,3.716,2.1319999999999997,2.1319999999999997,2.1319999999999997,2.1319999999999997,2.654,2.0709999999999997,1.866,2.1319999999999997
T,2.1319999999999997,2.1319999999999997,2.1319999999999997,2.749,2.017,2.1319999999999997,2.1319999999999997,2.295,2.2969999999999997,2.043,2.1319999999999997,3.396,2.1319999999999997,2.1319999999999997,2.1319999999999997,2.654,2.1319999999999997,2.1319999999999997,2.1319999999999997,2.1319999999999997
V,2.1319999999999997,2.1319999999999997,2.1319999999999997,2.786,2.034,2.1319999999999997,2.1319999999999997,2.0,1.145,2.1479999999999997,2.1319999999999997,1.501,2.1319999999999997,2.1319999999999997,2.1319999999999997,2.0709999999999997,2.1319999999999997,2.1319999999999997,2.1319999999999997,2.1319999999999997
W,2.1319999999999997,2.1319999999999997,2.1319999999999997,2.221,2.082,2.1319999999999997,2.1319999999999997,2.15,0.833,2.091,2.1319999999999997,1.546,2.1319999999999997,2.1319999999999997,2.1319999999999997,1.866,2.1319999999999997,2.1319999999999997,2.1319999999999997,2.1319999999999997
Y,2.1319999999999997,2.1319999999999997,2.1319999999999997,2.1319999999999997,2.1319999999999997,2.1319999999999997,2.1319999999999997,2.1319999999999997,2.1319999999999997,2.1319999999999997,2.1319999999999997,2.1319999999999997,2.1319999999999997,2.1319999999999997,2.1319999999999997,2.1319999999999997,2.1319999999999997,2.1319999999999997,2.1319999999999997,2.1319999999999997
