,A,C,D,E,F,G,H,I,K,L,M,N,P,Q,R,S,T,V,W,Y
A,2.4299999999999997,2.4299999999999997,2.4299999999999997,2.4299999999999997,2.4299999999999997,2.4299999999999997,2.4299999999999997,2.4299999999999997,2.4299999999999997,2.4299999999999997,2.4299999999999997,2.4299999999999997,2.4299999999999997,2.4299999999999997,2.4299999999999997,2.4299999999999997,2.4299999999999997,2.4299999999999997,2.4299999999999997,2.4299999999999997
C,2.4299999999999997,2.4299999999999997,2.4299999999999997,2.4299999999999997,2.4299999999999997,2.4299999999999997,2.4299999999999997,2.4299999999999997,2.4299999999999997,2.4299999999999997,2.4299999999999997,2.4299999999999997,2.4299999999999997,2.4299999999999997,2.4299999999999997,2.4299999999999997,2.4299999999999997,2.4299999999999997,2.4299999999999997,2.4299999999999997
D,2.4299999999999997,2.4299999999999997,2.4299999999999997,3.804,1.745,3.432,2.7969999999999997,1.525,3.595,1.504,1.786,2.9210000000000003,3.396,2.952,3.336,3.733,3.443,2.9779999999999998,1.709,2.4299999999999997
E,2.4299999999999997,2.4299999999999997,3.804,2.4299999999999997,2.4299999999999997,2.4299999999999997,2.4299999999999997,2.4299999999999997,2.4299999999999997,2.4299999999999997,2.4299999999999997,2.4299999999999997,2.4299999999999997,2.4299999999999997,2.4299999999999997,2.4299999999999997,2.4299999999999997,2.4299999999999997,2.4299999999999997,2.4299999999999997
F,2.4299999999999997,2.4299999999999997,1.745,2.4299999999999997,2.4299999999999997,2.4299999999999997,2.4299999999999997,2.4299999999999997,2.4299999999999997,2.4299999999999997,2.4299999999999997,2.4299999999999997,2.4299999999999997,2.4299999999999997,2.4299999999999997,2.4299999999999997,2.4299999999999997,2.4299999999999997,2.4299999999999997,2.4299999999999997
G,2.4299999999999997,2.4299999999999997,3.432,2.4299999999999997,2.4299999999999997,2.4299999999999997,2.4299999999999997,2.4299999999999997,2.4299999999999997,2.4299999999999997,2.4299999999999997,2.4299999999999997,2.4299999999999997,2.4299999999999997,2.4299999999999997,2.4299999999999997,2.4299999999999997,2.4299999999999997,2.4299999999999997,2.4299999999999997
H,2.4299999999999997,2.4299999999999997,2.7969999999999997,2.4299999999999997,2.4299999999999997,2.4299999999999997,2.4299999999999997,2.4299999999999997,2.4299999999999997,2.4299999999999997,2.4299999999999997,2.4299999999999997,2.4299999999999997,2.4299999999999997,2.4299999999999997,2.4299999999999997,2.4299999999999997,2.4299999999999997,2.4299999999999997,2.4299999999999997
I,2.4299999999999997,2.4299999999999997,1.525,2.4299999999999997,2.4299999999999997,2.4299999999999997,2.4299999999999997,2.4299999999999997,2.4299999999999997,2.4299999999999997,2.4299999999999997,2.4299999999999997,2.4299999999999997,2.4299999999999997,2.4299999999999997,2.4299999999999997,2.4299999999999997,2.4299999999999997,2.4299999999999997,2.4299999999999997
K,2.4299999999999997,2.4299999999999997,3.595,2.4299999999999997,2.4299999999999997,2.4299999999999997,2.4299999999999997,2.4299999999999997,2.4299999999999997,2.4299999999999997,2.4299999999999997,2.4299999999999997,2.4299999999999997,2.4299999999999997,2.4299999999999997,2.4299999999999997,2.4299999999999997,2.4299999999999997,2.4299999999999997,2.4299999999999997
L,2.4299999999999997,2.4299999999999997,1.504,2.4299999999999997,2.4299999999999997,2.4299999999999997,2.4299999999999997,2.4299999999999997,2.4299999999999997,2.4299999999999997,1.2429999999999999,3.307,3.346,1.978,3.391,3.376,1.561,1.791,3.751,2.4299999999999997
M,2.4299999999999997,2.4299999999999997,1.786,2.4299999999999997,2.4299999999999997,2.4299999999999997,2.4299999999999997,2.4299999999999997,2.4299999999999997,1.2429999999999999,2.4299999999999997,2.5380000000000003,3.539,1.31,-0.07600000000000007,1.931,2.802,1.8980000000000001,2.559,2.4299999999999997
N,2.4299999999999997,2.4299999999999997,2.9210000000000003,2.4299999999999997,2.4299999999999997,2.4299999999999997,2.4299999999999997,2.4299999999999997,2.4299999999999997,3.307,2.5380000000000003,2.4299999999999997,3.132,3.639,3.454,3.819,3.592,2.876,2.9939999999999998,2.4299999999999997
P,2.4299999999999997,2.4299999999999997,3.396,2.4299999999999997,2.4299999999999997,2.4299999999999997,2.4299999999999997,2.4299999999999997,2.4299999999999997,3.346,3.539,3.132,2.4299999999999997,3.336,3.204,3.421,3.278,0.495,3.095,2.4299999999999997
Q,2.4299999999999997,2.4299999999999997,2.952,2.4299999999999997,2.4299999999999997,2.4299999999999997,2.4299999999999997,2.4299999999999997,2.4299999999999997,1.978,1.31,3.639,3.336,2.4299999999999997,2.309,3.076,3.691,0.22799999999999998,2.0700000000000003,2.4299999999999997
R,2.4299999999999997,2.4299999999999997,3.336,2.4299999999999997,2.4299999999999997,2.4299999999999997,2.4299999999999997,2.4299999999999997,2.4299999999999997,3.391,-0.07600000000000007,3.454,3.204,2.309,2.4299999999999997,2.4299999999999997,2.4299999999999997,2.4299999999999997,2.4299999999999997,2.4299999999999997
S,2.4299999999999997,2.4299999999999997,3.733,2.4299999999999997,2.4299999999999997,2.4299999999999997,2.4299999999999997,2.4299999999999997,2.4299999999999997,3.376,1.931,3.819,3.421,3.076,2.4299999999999997,2.4299999999999997,2.4299999999999997,2.4299999999999997,2.4299999999999997,2.4299999999999997
T,2.4299999999999997,2.4299999999999997,3.443,2.4299999999999997,2.4299999999999997,2.4299999999999997,2.4299999999999997,2.4299999999999997,2.4299999999999997,1.561,2.802,3.592,3.278,3.691,2.4299999999999997,2.4299999999999997,2.4299999999999997,0.403,3.508,2.4299999999999997
V,2.4299999999999997,2.4299999999999997,2.9779999999999998,2.4299999999999997,2.4299999999999997,2.4299999999999997,2.4299999999999997,2.4299999999999997,2.4299999999999997,1.791,1.8980000000000001,2.876,0.495,0.22799999999999998,2.4299999999999997,2.4299999999999997,0.403,2.4299999999999997,2.4299999999999997,2.4299999999999997
W,2.4299999999999997,2.4299999999999997,1.709,2.4299999999999997,2.4299999999999997,2.4299999999999997,2.4299999999999997,2.4299999999999997,2.4299999999999997,3.751,2.559,2.9939999999999998,3.095,2.0700000000000003,2.4299999999999997,2.4299999999999997,3.508,2.4299999999999997,2.4299999999999997,2.4299999999999997
Y,2.4299999999999997,2.4299999999999997,2.4299999999999997,2.4299999999999997,2.4299999999999997,2.4299999999999997,2.4299999999999997,2.4299999999999997,2.4299999999999997,2.4299999999999997,2.4299999999999997,2.4299999999999997,2.4299999999999997,2.4299999999999997,2.4299999999999997,2.4299999999999997,2.4299999999999997,2.4299999999999997,2.4299999999999997,2.4299999999999997
