,A,C,D,E,F,G,H,I,K,L,M,N,P,Q,R,S,T,V,W,Y
A,2.101,2.101,2.101,2.101,2.101,2.101,2.101,2.101,2.101,2.101,2.101,2.101,2.101,2.101,2.101,2.101,2.101,2.101,2.101,2.101
C,2.101,2.101,2.101,2.101,2.101,2.101,2.101,2.101,2.101,2.101,2.101,2.101,2.101,2.101,2.101,2.101,2.101,2.101,2.101,2.101
D,2.101,2.101,2.101,2.101,2.101,2.101,2.101,2.101,2.101,2.101,2.101,2.101,2.101,2.101,2.101,2.101,2.101,2.101,2.101,2.101
E,2.101,2.101,2.101,2.101,1.771,1.121,2.471,2.186,1.658,2.0220000000000002,1.958,2.877,2.4459999999999997,3.299,3.032,2.896,2.701,2.677,2.229,2.101
F,2.101,2.101,2.101,1.771,2.101,2.093,1.958,2.101,2.083,2.0229999999999997,1.9929999999999999,2.0549999999999997,2.135,2.0469999999999997,2.116,2.013,2.005,2.002,2.073,2.101
G,2.101,2.101,2.101,1.121,2.093,2.101,2.101,2.101,2.101,2.101,2.101,2.101,2.101,2.101,2.101,2.101,2.101,2.101,2.101,2.101
H,2.101,2.101,2.101,2.471,1.958,2.101,2.101,2.101,2.101,2.101,2.101,2.101,2.101,2.101,2.101,2.101,2.101,2.101,2.101,2.101
I,2.101,2.101,2.101,2.186,2.101,2.101,2.101,2.101,1.351,1.683,2.084,1.939,1.083,1.893,3.039,1.316,2.34,2.002,2.0940000000000003,2.101
K,2.101,2.101,2.101,1.658,2.083,2.101,2.101,1.351,2.101,1.141,2.1710000000000003,2.622,2.083,3.249,1.776,1.448,2.285,1.215,0.8049999999999999,2.101
L,2.101,2.101,2.101,2.0220000000000002,2.0229999999999997,2.101,2.101,1.683,1.141,2.101,2.1029999999999998,2.027,1.916,2.192,1.8319999999999999,2.259,2.032,2.129,2.091,2.101
M,2.101,2.101,2.101,1.958,1.9929999999999999,2.101,2.101,2.084,2.1710000000000003,2.1029999999999998,2.101,2.101,2.101,2.101,2.101,2.101,2.101,2.101,2.101,2.101
N,2.101,2.101,2.101,2.877,2.0549999999999997,2.101,2.101,1.939,2.622,2.027,2.101,2.101,1.88,3.5,1.955,3.544,3.314,1.452,1.49,2.101
P,2.101,2.101,2.101,2.4459999999999997,2.135,2.101,2.101,1.083,2.083,1.916,2.101,1.88,2.101,2.101,2.101,2.101,2.101,2.101,2.101,2.101
Q,2.101,2.101,2.101,3.299,2.0469999999999997,2.101,2.101,1.893,3.249,2.192,2.101,3.5,2.101,2.101,2.101,2.101,2.101,2.101,2.101,2.101
R,2.101,2.101,2.101,3.032,2.116,2.101,2.101,3.039,1.776,1.8319999999999999,2.101,1.955,2.101,2.101,2.101,2.101,2.101,2.101,2.101,2.101
S,2.101,2.101,2.101,2.896,2.013,2.101,2.101,1.316,1.448,2.259,2.101,3.544,2.101,2.101,2.101,2.101,2.574,2.107,1.94,2.101
T,2.101,2.101,2.101,2.701,2.005,2.101,2.101,2.34,2.285,2.032,2.101,3.314,2.101,2.101,2.101,2.574,2.101,2.101,2.101,2.101
V,2.101,2.101,2.101,2.677,2.002,2.101,2.101,2.002,1.215,2.129,2.101,1.452,2.101,2.101,2.101,2.107,2.101,2.101,2.101,2.101
W,2.101,2.101,2.101,2.229,2.073,2.101,2.101,2.0940000000000003,0.8049999999999999,2.091,2.101,1.49,2.101,2.101,2.101,1.94,2.101,2.101,2.101,2.101
Y,2.101,2.101,2.101,2.101,2.101,2.101,2.101,2.101,2.101,2.101,2.101,2.101,2.101,2.101,2.101,2.101,2.101,2.101,2.101,2.101
