,A,C,D,E,F,G,H,I,K,L,M,N,P,Q,R,S,T,V,W,Y
A,2.495,2.495,2.495,2.495,2.495,2.495,2.495,2.495,2.495,2.495,2.495,2.495,2.495,2.495,2.495,2.495,2.495,2.495,2.495,2.495
C,2.495,2.495,2.495,2.495,2.495,2.495,2.495,2.495,2.495,2.495,2.495,2.495,2.495,2.495,2.495,2.495,2.495,2.495,2.495,2.495
D,2.495,2.495,2.495,3.962,1.766,3.461,2.839,1.534,3.634,1.518,1.804,3.057,3.429,3.023,3.379,3.792,3.486,3.014,1.721,2.495
E,2.495,2.495,3.962,2.495,2.495,2.495,2.495,2.495,2.495,2.495,2.495,2.495,2.495,2.495,2.495,2.495,2.495,2.495,2.495,2.495
F,2.495,2.495,1.766,2.495,2.495,2.495,2.495,2.495,2.495,2.495,2.495,2.495,2.495,2.495,2.495,2.495,2.495,2.495,2.495,2.495
G,2.495,2.495,3.461,2.495,2.495,2.495,2.495,2.495,2.495,2.495,2.495,2.495,2.495,2.495,2.495,2.495,2.495,2.495,2.495,2.495
H,2.495,2.495,2.839,2.495,2.495,2.495,2.495,2.495,2.495,2.495,2.495,2.495,2.495,2.495,2.495,2.495,2.495,2.495,2.495,2.495
I,2.495,2.495,1.534,2.495,2.495,2.495,2.495,2.495,2.495,2.495,2.495,2.495,2.495,2.495,2.495,2.495,2.495,2.495,2.495,2.495
K,2.495,2.495,3.634,2.495,2.495,2.495,2.495,2.495,2.495,2.495,2.495,2.495,2.495,2.495,2.495,2.495,2.495,2.495,2.495,2.495
L,2.495,2.495,1.518,2.495,2.495,2.495,2.495,2.495,2.495,2.495,1.5779999999999998,3.367,3.388,2.053,3.455,3.438,1.661,2.036,3.813,2.495
M,2.495,2.495,1.804,2.495,2.495,2.495,2.495,2.495,2.495,1.5779999999999998,2.495,2.824,3.733,1.028,0.32099999999999995,2.24,2.705,1.619,2.8609999999999998,2.495
N,2.495,2.495,3.057,2.495,2.495,2.495,2.495,2.495,2.495,3.367,2.824,2.495,3.186,3.728,3.536,3.929,3.672,2.9139999999999997,3.046,2.495
P,2.495,2.495,3.429,2.495,2.495,2.495,2.495,2.495,2.495,3.388,3.733,3.186,2.495,3.403,3.268,3.486,3.345,0.5780000000000001,3.152,2.495
Q,2.495,2.495,3.023,2.495,2.495,2.495,2.495,2.495,2.495,2.053,1.028,3.728,3.403,2.495,2.4930000000000003,3.499,3.984,0.267,2.5300000000000002,2.495
R,2.495,2.495,3.379,2.495,2.495,2.495,2.495,2.495,2.495,3.455,0.32099999999999995,3.536,3.268,2.4930000000000003,2.495,2.495,2.495,2.495,2.495,2.495
S,2.495,2.495,3.792,2.495,2.495,2.495,2.495,2.495,2.495,3.438,2.24,3.929,3.486,3.499,2.495,2.495,2.495,2.495,2.495,2.495
T,2.495,2.495,3.486,2.495,2.495,2.495,2.495,2.495,2.495,1.661,2.705,3.672,3.345,3.984,2.495,2.495,2.495,-0.1080000000000001,3.568,2.495
V,2.495,2.495,3.014,2.495,2.495,2.495,2.495,2.495,2.495,2.036,1.619,2.9139999999999997,0.5780000000000001,0.267,2.495,2.495,-0.1080000000000001,2.495,2.495,2.495
W,2.495,2.495,1.721,2.495,2.495,2.495,2.495,2.495,2.495,3.813,2.8609999999999998,3.046,3.152,2.5300000000000002,2.495,2.495,3.568,2.495,2.495,2.495
Y,2.495,2.495,2.495,2.495,2.495,2.495,2.495,2.495,2.495,2.495,2.495,2.495,2.495,2.495,2.495,2.495,2.495,2.495,2.495,2.495
