,A,C,D,E,F,G,H,I,K,L,M,N,P,Q,R,S,T,V,W,Y
A,2.516,2.516,2.516,2.516,2.516,2.516,2.516,2.516,2.516,2.516,2.516,2.516,2.516,2.516,2.516,2.516,2.516,2.516,2.516,2.516
C,2.516,2.516,2.516,2.516,2.516,2.516,2.516,2.516,2.516,2.516,2.516,2.516,2.516,2.516,2.516,2.516,2.516,2.516,2.516,2.516
D,2.516,2.516,2.516,4.04,1.758,3.488,2.8609999999999998,1.528,3.679,1.512,1.794,3.092,3.463,3.036,3.4,3.832,3.513,3.036,1.713,2.516
E,2.516,2.516,4.04,2.516,2.516,2.516,2.516,2.516,2.516,2.516,2.516,2.516,2.516,2.516,2.516,2.516,2.516,2.516,2.516,2.516
F,2.516,2.516,1.758,2.516,2.516,2.516,2.516,2.516,2.516,2.516,2.516,2.516,2.516,2.516,2.516,2.516,2.516,2.516,2.516,2.516
G,2.516,2.516,3.488,2.516,2.516,2.516,2.516,2.516,2.516,2.516,2.516,2.516,2.516,2.516,2.516,2.516,2.516,2.516,2.516,2.516
H,2.516,2.516,2.8609999999999998,2.516,2.516,2.516,2.516,2.516,2.516,2.516,2.516,2.516,2.516,2.516,2.516,2.516,2.516,2.516,2.516,2.516
I,2.516,2.516,1.528,2.516,2.516,2.516,2.516,2.516,2.516,2.516,2.516,2.516,2.516,2.516,2.516,2.516,2.516,2.516,2.516,2.516
K,2.516,2.516,3.679,2.516,2.516,2.516,2.516,2.516,2.516,2.516,2.516,2.516,2.516,2.516,2.516,2.516,2.516,2.516,2.516,2.516
L,2.516,2.516,1.512,2.516,2.516,2.516,2.516,2.516,2.516,2.516,1.704,3.358,3.381,2.028,3.437,3.42,1.8519999999999999,2.091,3.805,2.516
M,2.516,2.516,1.794,2.516,2.516,2.516,2.516,2.516,2.516,1.704,2.516,2.802,4.252,1.095,0.09799999999999998,2.412,3.008,1.7970000000000002,2.815,2.516
N,2.516,2.516,3.092,2.516,2.516,2.516,2.516,2.516,2.516,3.358,2.802,2.516,3.221,3.783,3.579,3.973,3.712,2.941,3.078,2.516
P,2.516,2.516,3.463,2.516,2.516,2.516,2.516,2.516,2.516,3.381,4.252,3.221,2.516,3.445,3.304,3.518,3.375,0.75,3.178,2.516
Q,2.516,2.516,3.036,2.516,2.516,2.516,2.516,2.516,2.516,2.028,1.095,3.783,3.445,2.516,2.064,3.51,4.021,0.039000000000000035,2.499,2.516
R,2.516,2.516,3.4,2.516,2.516,2.516,2.516,2.516,2.516,3.437,0.09799999999999998,3.579,3.304,2.064,2.516,2.516,2.516,2.516,2.516,2.516
S,2.516,2.516,3.832,2.516,2.516,2.516,2.516,2.516,2.516,3.42,2.412,3.973,3.518,3.51,2.516,2.516,2.516,2.516,2.516,2.516
T,2.516,2.516,3.513,2.516,2.516,2.516,2.516,2.516,2.516,1.8519999999999999,3.008,3.712,3.375,4.021,2.516,2.516,2.516,0.32899999999999996,3.356,2.516
V,2.516,2.516,3.036,2.516,2.516,2.516,2.516,2.516,2.516,2.091,1.7970000000000002,2.941,0.75,0.039000000000000035,2.516,2.516,0.32899999999999996,2.516,2.516,2.516
W,2.516,2.516,1.713,2.516,2.516,2.516,2.516,2.516,2.516,3.805,2.815,3.078,3.178,2.499,2.516,2.516,3.356,2.516,2.516,2.516
Y,2.516,2.516,2.516,2.516,2.516,2.516,2.516,2.516,2.516,2.516,2.516,2.516,2.516,2.516,2.516,2.516,2.516,2.516,2.516,2.516
