,A,C,D,E,F,G,H,I,K,L,M,N,P,Q,R,S,T,V,W,Y
A,2.0,1.467,2.41,1.853,3.166,1.2469999999999999,2.2110000000000003,2.035,3.003,3.201,1.975,1.762,0.727,2.465,3.357,1.488,2.634,2.426,3.173,2.0
C,1.467,2.0,1.3439999999999999,1.4020000000000001,2.06,1.229,1.635,0.09099999999999997,1.506,-0.1439999999999999,0.77,2.431,1.601,1.669,2.0300000000000002,0.8260000000000001,1.336,0.09899999999999998,1.662,2.0
D,2.41,1.3439999999999999,2.0,3.734,1.9020000000000001,3.107,2.912,1.426,3.236,1.474,1.966,2.739,2.936,3.313,2.891,3.801,3.473,2.942,1.8010000000000002,2.0
E,1.853,1.4020000000000001,3.734,2.0,2.77,2.795,2.769,2.753,2.6630000000000003,2.784,2.835,2.787,2.839,1.4689999999999999,2.769,2.7960000000000003,2.8,2.814,2.794,2.0
F,3.166,2.06,1.9020000000000001,2.77,2.0,1.841,1.673,3.165,2.761,3.255,2.729,2.143,1.387,2.267,2.123,1.968,2.262,2.6790000000000003,1.437,2.0
G,1.2469999999999999,1.229,3.107,2.795,1.841,2.0,2.534,2.309,2.541,2.3449999999999998,1.466,2.762,1.624,2.568,2.497,2.065,2.516,1.005,1.5899999999999999,2.0
H,2.2110000000000003,1.635,2.912,2.769,1.673,2.534,2.0,2.0,2.0,2.0,2.0,2.0,2.0,2.0,2.0,2.0,2.0,2.0,2.0,2.0
I,2.035,0.09099999999999997,1.426,2.753,3.165,2.309,2.0,2.0,2.338,1.888,1.266,1.158,0.984,2.333,1.351,0.517,0.694,1.351,1.101,2.0
K,3.003,1.506,3.236,2.6630000000000003,2.761,2.541,2.0,2.338,2.0,2.63,2.876,3.019,2.934,2.9530000000000003,2.561,2.981,2.893,2.739,2.6719999999999997,2.0
L,3.201,-0.1439999999999999,1.474,2.784,3.255,2.3449999999999998,2.0,1.888,2.63,2.0,0.597,1.842,1.9300000000000002,1.211,2.144,1.7650000000000001,1.048,1.2650000000000001,2.54,2.0
M,1.975,0.77,1.966,2.835,2.729,1.466,2.0,1.266,2.876,0.597,2.0,1.8439999999999999,2.637,1.203,1.4769999999999999,1.817,1.9409999999999998,1.585,2.7110000000000003,2.0
N,1.762,2.431,2.739,2.787,2.143,2.762,2.0,1.158,3.019,1.842,1.8439999999999999,2.0,3.513,3.63,3.942,3.469,3.728,2.4370000000000003,2.722,2.0
P,0.727,1.601,2.936,2.839,1.387,1.624,2.0,0.984,2.934,1.9300000000000002,2.637,3.513,2.0,2.502,2.33,2.242,2.151,0.971,1.729,2.0
Q,2.465,1.669,3.313,1.4689999999999999,2.267,2.568,2.0,2.333,2.9530000000000003,1.211,1.203,3.63,2.502,2.0,3.164,2.865,3.141,0.602,2.3810000000000002,2.0
R,3.357,2.0300000000000002,2.891,2.769,2.123,2.497,2.0,1.351,2.561,2.144,1.4769999999999999,3.942,2.33,3.164,2.0,1.525,1.564,1.17,1.283,2.0
S,1.488,0.8260000000000001,3.801,2.7960000000000003,1.968,2.065,2.0,0.517,2.981,1.7650000000000001,1.817,3.469,2.242,2.865,1.525,2.0,1.229,0.45199999999999996,1.858,2.0
T,2.634,1.336,3.473,2.8,2.262,2.516,2.0,0.694,2.893,1.048,1.9409999999999998,3.728,2.151,3.141,1.564,1.229,2.0,1.045,2.533,2.0
V,2.426,0.09899999999999998,2.942,2.814,2.6790000000000003,1.005,2.0,1.351,2.739,1.2650000000000001,1.585,2.4370000000000003,0.971,0.602,1.17,0.45199999999999996,1.045,2.0,1.692,2.0
W,3.173,1.662,1.8010000000000002,2.794,1.437,1.5899999999999999,2.0,1.101,2.6719999999999997,2.54,2.7110000000000003,2.722,1.729,2.3810000000000002,1.283,1.858,2.533,1.692,2.0,2.0
Y,2.0,2.0,2.0,2.0,2.0,2.0,2.0,2.0,2.0,2.0,2.0,2.0,2.0,2.0,2.0,2.0,2.0,2.0,2.0,2.0
