,A,C,D,E,F,G,H,I,K,L,M,N,P,Q,R,S,T,V,W,Y
A,2.0140000000000002,1.464,2.387,1.8980000000000001,3.047,1.294,2.159,1.991,2.899,3.088,1.94,1.752,0.832,2.404,3.225,1.505,2.561,2.3520000000000003,3.057,2.0140000000000002
C,1.464,2.0140000000000002,1.417,1.476,2.098,1.2770000000000001,1.705,0.31399999999999995,1.5659999999999998,0.04200000000000004,0.899,2.442,1.6640000000000001,1.733,2.0789999999999997,0.959,1.429,0.31999999999999995,1.73,2.0140000000000002
D,2.387,1.417,2.0140000000000002,3.697,1.956,3.104,2.944,1.4889999999999999,3.233,1.529,2.017,2.543,2.947,3.31,2.901,3.751,3.431,2.904,1.861,2.0140000000000002
E,1.8980000000000001,1.476,3.697,2.0140000000000002,2.529,2.524,2.4770000000000003,2.5140000000000002,2.419,2.5389999999999997,2.549,2.489,2.536,1.694,2.463,2.497,2.489,2.529,2.525,2.0140000000000002
F,3.047,2.098,1.956,2.529,2.0140000000000002,1.8090000000000002,1.53,2.9859999999999998,2.652,3.028,2.541,2.09,1.2810000000000001,2.199,2.058,1.884,2.167,2.566,1.164,2.0140000000000002
G,1.294,1.2770000000000001,3.104,2.524,1.8090000000000002,2.0140000000000002,2.502,2.302,2.511,2.327,1.505,2.7119999999999997,1.646,2.525,2.464,2.074,2.495,1.06,1.62,2.0140000000000002
H,2.159,1.705,2.944,2.4770000000000003,1.53,2.502,2.0140000000000002,2.0140000000000002,2.0140000000000002,2.0140000000000002,2.0140000000000002,2.0140000000000002,2.0140000000000002,2.0140000000000002,2.0140000000000002,2.0140000000000002,2.0140000000000002,2.0140000000000002,2.0140000000000002,2.0140000000000002
I,1.991,0.31399999999999995,1.4889999999999999,2.5140000000000002,2.9859999999999998,2.302,2.0140000000000002,2.0140000000000002,2.27,1.794,1.51,1.322,1.23,2.262,1.6,0.8220000000000001,1.276,1.713,1.392,2.0140000000000002
K,2.899,1.5659999999999998,3.233,2.419,2.652,2.511,2.0140000000000002,2.27,2.0140000000000002,1.549,2.903,3.062,2.966,3.022,2.651,3.023,2.9210000000000003,2.763,2.709,2.0140000000000002
L,3.088,0.04200000000000004,1.529,2.5389999999999997,3.028,2.327,2.0140000000000002,1.794,1.549,2.0140000000000002,0.71,1.896,1.979,1.255,2.186,1.815,1.096,1.359,2.5789999999999997,2.0140000000000002
M,1.94,0.899,2.017,2.549,2.541,1.505,2.0140000000000002,1.51,2.903,0.71,2.0140000000000002,1.8090000000000002,2.568,1.324,1.426,1.77,2.065,1.7069999999999999,2.6399999999999997,2.0140000000000002
N,1.752,2.442,2.543,2.489,2.09,2.7119999999999997,2.0140000000000002,1.322,3.062,1.896,1.8090000000000002,2.0140000000000002,3.323,3.419,3.701,3.249,3.504,2.338,2.5709999999999997,2.0140000000000002
P,0.832,1.6640000000000001,2.947,2.536,1.2810000000000001,1.646,2.0140000000000002,1.23,2.966,1.979,2.568,3.323,2.0140000000000002,2.465,2.309,2.222,2.134,0.975,1.722,2.0140000000000002
Q,2.404,1.733,3.31,1.694,2.199,2.525,2.0140000000000002,2.262,3.022,1.255,1.324,3.419,2.465,2.0140000000000002,3.059,2.816,3.083,0.63,2.3689999999999998,2.0140000000000002
R,3.225,2.0789999999999997,2.901,2.463,2.058,2.464,2.0140000000000002,1.6,2.651,2.186,1.426,3.701,2.309,3.059,2.0140000000000002,1.867,1.892,1.579,1.673,2.0140000000000002
S,1.505,0.959,3.751,2.497,1.884,2.074,2.0140000000000002,0.8220000000000001,3.023,1.815,1.77,3.249,2.222,2.816,1.867,2.0140000000000002,1.341,0.56,1.87,2.0140000000000002
T,2.561,1.429,3.431,2.489,2.167,2.495,2.0140000000000002,1.276,2.9210000000000003,1.096,2.065,3.504,2.134,3.083,1.892,1.341,2.0140000000000002,0.842,2.518,2.0140000000000002
V,2.3520000000000003,0.31999999999999995,2.904,2.529,2.566,1.06,2.0140000000000002,1.713,2.763,1.359,1.7069999999999999,2.338,0.975,0.63,1.579,0.56,0.842,2.0140000000000002,1.72,2.0140000000000002
W,3.057,1.73,1.861,2.525,1.164,1.62,2.0140000000000002,1.392,2.709,2.5789999999999997,2.6399999999999997,2.5709999999999997,1.722,2.3689999999999998,1.673,1.87,2.518,1.72,2.0140000000000002,2.0140000000000002
Y,2.0140000000000002,2.0140000000000002,2.0140000000000002,2.0140000000000002,2.0140000000000002,2.0140000000000002,2.0140000000000002,2.0140000000000002,2.0140000000000002,2.0140000000000002,2.0140000000000002,2.0140000000000002,2.0140000000000002,2.0140000000000002,2.0140000000000002,2.0140000000000002,2.0140000000000002,2.0140000000000002,2.0140000000000002,2.0140000000000002
