,A,C,D,E,F,G,H,I,K,L,M,N,P,Q,R,S,T,V,W,Y
A,2.02,1.444,2.367,1.874,3.075,1.2650000000000001,2.151,1.9769999999999999,2.931,3.116,1.9300000000000002,1.73,0.785,2.4130000000000003,3.274,1.4729999999999999,2.588,2.3609999999999998,3.08,2.02
C,1.444,2.02,1.3639999999999999,1.422,2.0709999999999997,1.231,1.658,0.19399999999999995,1.5230000000000001,-0.04800000000000004,0.827,2.4219999999999997,1.621,1.685,2.041,0.902,1.373,0.20799999999999996,1.677,2.02
D,2.367,1.3639999999999999,2.02,3.687,1.854,3.024,2.857,1.397,3.154,1.443,1.9180000000000001,2.596,2.8529999999999998,3.24,2.814,3.7,3.37,2.85,1.755,2.02
E,1.874,1.422,3.687,2.02,2.708,2.74,2.763,2.698,2.673,2.731,2.803,2.775,2.807,1.478,2.761,2.791,2.774,2.769,2.732,2.02
F,3.075,2.0709999999999997,1.854,2.708,2.02,2.2569999999999997,1.9529999999999998,2.974,2.617,3.073,2.55,2.019,1.2530000000000001,2.1319999999999997,1.984,1.833,2.098,2.52,1.638,2.02
G,1.2650000000000001,1.231,3.024,2.74,2.2569999999999997,2.02,2.519,2.3209999999999997,2.5380000000000003,2.351,1.484,2.748,1.629,2.558,2.491,2.073,2.5140000000000002,1.029,1.5979999999999999,2.02
H,2.151,1.658,2.857,2.763,1.9529999999999998,2.519,2.02,2.02,2.02,2.02,2.02,2.02,2.02,2.02,2.02,2.02,2.02,2.02,2.02,2.02
I,1.9769999999999999,0.19399999999999995,1.397,2.698,2.974,2.3209999999999997,2.02,2.02,2.3810000000000002,1.7570000000000001,1.287,1.224,1.073,2.386,1.417,0.622,0.849,1.516,1.229,2.02
K,2.931,1.5230000000000001,3.154,2.673,2.617,2.5380000000000003,2.02,2.3810000000000002,2.02,1.6320000000000001,3.019,3.247,3.117,3.275,2.884,3.179,3.056,2.865,2.7960000000000003,2.02
L,3.116,-0.04800000000000004,1.443,2.731,3.073,2.351,2.02,1.7570000000000001,1.6320000000000001,2.02,0.64,1.841,1.9220000000000002,1.228,2.138,1.763,1.074,1.316,2.5300000000000002,2.02
M,1.9300000000000002,0.827,1.9180000000000001,2.803,2.55,1.484,2.02,1.287,3.019,0.64,2.02,1.762,2.528,1.177,1.459,1.8479999999999999,1.947,1.556,2.5789999999999997,2.02
N,1.73,2.4219999999999997,2.596,2.775,2.019,2.748,2.02,1.224,3.247,1.841,1.762,2.02,3.463,3.58,3.877,3.401,3.677,2.428,2.6870000000000003,2.02
P,0.785,1.621,2.8529999999999998,2.807,1.2530000000000001,1.629,2.02,1.073,3.117,1.9220000000000002,2.528,3.463,2.02,2.428,2.2809999999999997,2.1479999999999997,2.092,0.892,2.011,2.02
Q,2.4130000000000003,1.685,3.24,1.478,2.1319999999999997,2.558,2.02,2.386,3.275,1.228,1.177,3.58,2.428,2.02,2.974,2.684,2.9690000000000003,0.44899999999999995,2.24,2.02
R,3.274,2.041,2.814,2.761,1.984,2.491,2.02,1.417,2.884,2.138,1.459,3.877,2.2809999999999997,2.974,2.02,1.8599999999999999,1.884,1.533,1.639,2.02
S,1.4729999999999999,0.902,3.7,2.791,1.833,2.073,2.02,0.622,3.179,1.763,1.8479999999999999,3.401,2.1479999999999997,2.684,1.8599999999999999,2.02,1.4060000000000001,0.771,2.2359999999999998,2.02
T,2.588,1.373,3.37,2.774,2.098,2.5140000000000002,2.02,0.849,3.056,1.074,1.947,3.677,2.092,2.9690000000000003,1.884,1.4060000000000001,2.02,0.829,2.427,2.02
V,2.3609999999999998,0.20799999999999996,2.85,2.769,2.52,1.029,2.02,1.516,2.865,1.316,1.556,2.428,0.892,0.44899999999999995,1.533,0.771,0.829,2.02,1.605,2.02
W,3.08,1.677,1.755,2.732,1.638,1.5979999999999999,2.02,1.229,2.7960000000000003,2.5300000000000002,2.5789999999999997,2.6870000000000003,2.011,2.24,1.639,2.2359999999999998,2.427,1.605,2.02,2.02
Y,2.02,2.02,2.02,2.02,2.02,2.02,2.02,2.02,2.02,2.02,2.02,2.02,2.02,2.02,2.02,2.02,2.02,2.02,2.02,2.02
