,A,C,D,E,F,G,H,I,K,L,M,N,P,Q,R,S,T,V,W,Y
A,2.1399999999999997,2.1399999999999997,2.1399999999999997,2.1399999999999997,2.1399999999999997,2.1399999999999997,2.1399999999999997,2.1399999999999997,2.1399999999999997,2.1399999999999997,2.1399999999999997,2.1399999999999997,2.1399999999999997,2.1399999999999997,2.1399999999999997,2.1399999999999997,2.1399999999999997,2.1399999999999997,2.1399999999999997,2.1399999999999997
C,2.1399999999999997,2.1399999999999997,2.1399999999999997,2.1399999999999997,2.1399999999999997,2.1399999999999997,2.1399999999999997,2.1399999999999997,2.1399999999999997,2.1399999999999997,2.1399999999999997,2.1399999999999997,2.1399999999999997,2.1399999999999997,2.1399999999999997,2.1399999999999997,2.1399999999999997,2.1399999999999997,2.1399999999999997,2.1399999999999997
D,2.1399999999999997,2.1399999999999997,2.1399999999999997,2.1399999999999997,2.1399999999999997,2.1399999999999997,2.1399999999999997,2.1399999999999997,2.1399999999999997,2.1399999999999997,2.1399999999999997,2.1399999999999997,2.1399999999999997,2.1399999999999997,2.1399999999999997,2.1399999999999997,2.1399999999999997,2.1399999999999997,2.1399999999999997,2.1399999999999997
E,2.1399999999999997,2.1399999999999997,2.1399999999999997,2.1399999999999997,1.845,1.147,2.5309999999999997,2.258,1.802,2.0149999999999997,1.99,2.936,2.481,3.467,3.198,2.944,2.729,2.7720000000000002,2.224,2.1399999999999997
F,2.1399999999999997,2.1399999999999997,2.1399999999999997,1.845,2.1399999999999997,2.152,1.9809999999999999,2.1879999999999997,2.142,2.0549999999999997,2.026,2.135,2.2110000000000003,2.115,2.142,2.0389999999999997,2.036,2.0309999999999997,2.1020000000000003,2.1399999999999997
G,2.1399999999999997,2.1399999999999997,2.1399999999999997,1.147,2.152,2.1399999999999997,2.1399999999999997,2.1399999999999997,2.1399999999999997,2.1399999999999997,2.1399999999999997,2.1399999999999997,2.1399999999999997,2.1399999999999997,2.1399999999999997,2.1399999999999997,2.1399999999999997,2.1399999999999997,2.1399999999999997,2.1399999999999997
H,2.1399999999999997,2.1399999999999997,2.1399999999999997,2.5309999999999997,1.9809999999999999,2.1399999999999997,2.1399999999999997,2.1399999999999997,2.1399999999999997,2.1399999999999997,2.1399999999999997,2.1399999999999997,2.1399999999999997,2.1399999999999997,2.1399999999999997,2.1399999999999997,2.1399999999999997,2.1399999999999997,2.1399999999999997,2.1399999999999997
I,2.1399999999999997,2.1399999999999997,2.1399999999999997,2.258,2.1879999999999997,2.1399999999999997,2.1399999999999997,2.1399999999999997,1.296,1.663,2.077,1.937,1.02,1.876,3.109,1.259,2.365,2.017,2.0940000000000003,2.1399999999999997
K,2.1399999999999997,2.1399999999999997,2.1399999999999997,1.802,2.142,2.1399999999999997,2.1399999999999997,1.296,2.1399999999999997,1.126,2.1470000000000002,2.6870000000000003,2.085,3.599,1.726,1.353,2.271,1.28,0.892,2.1399999999999997
L,2.1399999999999997,2.1399999999999997,2.1399999999999997,2.0149999999999997,2.0549999999999997,2.1399999999999997,2.1399999999999997,1.663,1.126,2.1399999999999997,2.143,2.045,1.959,2.247,1.842,2.279,2.083,2.142,2.133,2.1399999999999997
M,2.1399999999999997,2.1399999999999997,2.1399999999999997,1.99,2.026,2.1399999999999997,2.1399999999999997,2.077,2.1470000000000002,2.143,2.1399999999999997,2.1399999999999997,2.1399999999999997,2.1399999999999997,2.1399999999999997,2.1399999999999997,2.1399999999999997,2.1399999999999997,2.1399999999999997,2.1399999999999997
N,2.1399999999999997,2.1399999999999997,2.1399999999999997,2.936,2.135,2.1399999999999997,2.1399999999999997,1.937,2.6870000000000003,2.045,2.1399999999999997,2.1399999999999997,1.9409999999999998,3.634,1.9769999999999999,3.701,3.434,1.487,1.5390000000000001,2.1399999999999997
P,2.1399999999999997,2.1399999999999997,2.1399999999999997,2.481,2.2110000000000003,2.1399999999999997,2.1399999999999997,1.02,2.085,1.959,2.1399999999999997,1.9409999999999998,2.1399999999999997,2.1399999999999997,2.1399999999999997,2.1399999999999997,2.1399999999999997,2.1399999999999997,2.1399999999999997,2.1399999999999997
Q,2.1399999999999997,2.1399999999999997,2.1399999999999997,3.467,2.115,2.1399999999999997,2.1399999999999997,1.876,3.599,2.247,2.1399999999999997,3.634,2.1399999999999997,2.1399999999999997,2.1399999999999997,2.1399999999999997,2.1399999999999997,2.1399999999999997,2.1399999999999997,2.1399999999999997
R,2.1399999999999997,2.1399999999999997,2.1399999999999997,3.198,2.142,2.1399999999999997,2.1399999999999997,3.109,1.726,1.842,2.1399999999999997,1.9769999999999999,2.1399999999999997,2.1399999999999997,2.1399999999999997,2.1399999999999997,2.1399999999999997,2.1399999999999997,2.1399999999999997,2.1399999999999997
S,2.1399999999999997,2.1399999999999997,2.1399999999999997,2.944,2.0389999999999997,2.1399999999999997,2.1399999999999997,1.259,1.353,2.279,2.1399999999999997,3.701,2.1399999999999997,2.1399999999999997,2.1399999999999997,2.1399999999999997,2.6799999999999997,2.234,1.9449999999999998,2.1399999999999997
T,2.1399999999999997,2.1399999999999997,2.1399999999999997,2.729,2.036,2.1399999999999997,2.1399999999999997,2.365,2.271,2.083,2.1399999999999997,3.434,2.1399999999999997,2.1399999999999997,2.1399999999999997,2.6799999999999997,2.1399999999999997,2.1399999999999997,2.1399999999999997,2.1399999999999997
V,2.1399999999999997,2.1399999999999997,2.1399999999999997,2.7720000000000002,2.0309999999999997,2.1399999999999997,2.1399999999999997,2.017,1.28,2.142,2.1399999999999997,1.487,2.1399999999999997,2.1399999999999997,2.1399999999999997,2.234,2.1399999999999997,2.1399999999999997,2.1399999999999997,2.1399999999999997
W,2.1399999999999997,2.1399999999999997,2.1399999999999997,2.224,2.1020000000000003,2.1399999999999997,2.1399999999999997,2.0940000000000003,0.892,2.133,2.1399999999999997,1.5390000000000001,2.1399999999999997,2.1399999999999997,2.1399999999999997,1.9449999999999998,2.1399999999999997,2.1399999999999997,2.1399999999999997,2.1399999999999997
Y,2.1399999999999997,2.1399999999999997,2.1399999999999997,2.1399999999999997,2.1399999999999997,2.1399999999999997,2.1399999999999997,2.1399999999999997,2.1399999999999997,2.1399999999999997,2.1399999999999997,2.1399999999999997,2.1399999999999997,2.1399999999999997,2.1399999999999997,2.1399999999999997,2.1399999999999997,2.1399999999999997,2.1399999999999997,2.1399999999999997
