,A,C,D,E,F,G,H,I,K,L,M,N,P,Q,R,S,T,V,W,Y
A,2.109,2.109,2.109,2.109,2.109,2.109,2.109,2.109,2.109,2.109,2.109,2.109,2.109,2.109,2.109,2.109,2.109,2.109,2.109,2.109
C,2.109,2.109,2.109,2.109,2.109,2.109,2.109,2.109,2.109,2.109,2.109,2.109,2.109,2.109,2.109,2.109,2.109,2.109,2.109,2.109
D,2.109,2.109,2.109,2.109,2.109,2.109,2.109,2.109,2.109,2.109,2.109,2.109,2.109,2.109,2.109,2.109,2.109,2.109,2.109,2.109
E,2.109,2.109,2.109,2.109,1.833,1.123,2.483,2.254,1.659,2.0069999999999997,1.963,2.893,2.455,3.375,3.163,2.904,2.7,2.762,2.213,2.109
F,2.109,2.109,2.109,1.833,2.109,2.126,1.911,2.1630000000000003,2.09,2.027,2.0069999999999997,2.083,2.151,2.0700000000000003,2.12,2.018,2.0469999999999997,2.017,2.068,2.109
G,2.109,2.109,2.109,1.123,2.126,2.109,2.109,2.109,2.109,2.109,2.109,2.109,2.109,2.109,2.109,2.109,2.109,2.109,2.109,2.109
H,2.109,2.109,2.109,2.483,1.911,2.109,2.109,2.109,2.109,2.109,2.109,2.109,2.109,2.109,2.109,2.109,2.109,2.109,2.109,2.109
I,2.109,2.109,2.109,2.254,2.1630000000000003,2.109,2.109,2.109,1.313,1.714,2.008,1.859,0.945,1.803,3.025,1.185,2.283,2.02,2.108,2.109
K,2.109,2.109,2.109,1.659,2.09,2.109,2.109,1.313,2.109,1.141,2.175,2.682,2.01,3.504,1.795,1.347,2.2969999999999997,1.22,0.81,2.109
L,2.109,2.109,2.109,2.0069999999999997,2.027,2.109,2.109,1.714,1.141,2.109,2.109,2.02,1.911,2.193,1.849,2.252,2.036,2.1189999999999998,2.0789999999999997,2.109
M,2.109,2.109,2.109,1.963,2.0069999999999997,2.109,2.109,2.008,2.175,2.109,2.109,2.109,2.109,2.109,2.109,2.109,2.109,2.109,2.109,2.109
N,2.109,2.109,2.109,2.893,2.083,2.109,2.109,1.859,2.682,2.02,2.109,2.109,1.917,3.59,1.936,3.647,3.39,1.475,1.5190000000000001,2.109
P,2.109,2.109,2.109,2.455,2.151,2.109,2.109,0.945,2.01,1.911,2.109,1.917,2.109,2.109,2.109,2.109,2.109,2.109,2.109,2.109
Q,2.109,2.109,2.109,3.375,2.0700000000000003,2.109,2.109,1.803,3.504,2.193,2.109,3.59,2.109,2.109,2.109,2.109,2.109,2.109,2.109,2.109
R,2.109,2.109,2.109,3.163,2.12,2.109,2.109,3.025,1.795,1.849,2.109,1.936,2.109,2.109,2.109,2.109,2.109,2.109,2.109,2.109
S,2.109,2.109,2.109,2.904,2.018,2.109,2.109,1.185,1.347,2.252,2.109,3.647,2.109,2.109,2.109,2.109,2.616,2.1390000000000002,1.8820000000000001,2.109
T,2.109,2.109,2.109,2.7,2.0469999999999997,2.109,2.109,2.283,2.2969999999999997,2.036,2.109,3.39,2.109,2.109,2.109,2.616,2.109,2.109,2.109,2.109
V,2.109,2.109,2.109,2.762,2.017,2.109,2.109,2.02,1.22,2.1189999999999998,2.109,1.475,2.109,2.109,2.109,2.1390000000000002,2.109,2.109,2.109,2.109
W,2.109,2.109,2.109,2.213,2.068,2.109,2.109,2.108,0.81,2.0789999999999997,2.109,1.5190000000000001,2.109,2.109,2.109,1.8820000000000001,2.109,2.109,2.109,2.109
Y,2.109,2.109,2.109,2.109,2.109,2.109,2.109,2.109,2.109,2.109,2.109,2.109,2.109,2.109,2.109,2.109,2.109,2.109,2.109,2.109
