,A,C,D,E,F,G,H,I,K,L,M,N,P,Q,R,S,T,V,W,Y
A,2.083,2.083,2.083,2.083,2.083,2.083,2.083,2.083,2.083,2.083,2.083,2.083,2.083,2.083,2.083,2.083,2.083,2.083,2.083,2.083
C,2.083,2.083,2.083,2.083,2.083,2.083,2.083,2.083,2.083,2.083,2.083,2.083,2.083,2.083,2.083,2.083,2.083,2.083,2.083,2.083
D,2.083,2.083,2.083,2.083,2.083,2.083,2.083,2.083,2.083,2.083,2.083,2.083,2.083,2.083,2.083,2.083,2.083,2.083,2.083,2.083
E,2.083,2.083,2.083,2.083,1.833,1.097,2.442,2.174,1.607,2.004,1.9340000000000002,2.8609999999999998,2.4299999999999997,3.418,3.141,2.88,2.686,2.666,2.207,2.083
F,2.083,2.083,2.083,1.833,2.083,2.1100000000000003,1.8940000000000001,2.122,2.0940000000000003,2.004,1.967,2.056,2.151,2.0460000000000003,2.099,2.0,1.986,1.968,2.053,2.083
G,2.083,2.083,2.083,1.097,2.1100000000000003,2.083,2.083,2.083,2.083,2.083,2.083,2.083,2.083,2.083,2.083,2.083,2.083,2.083,2.083,2.083
H,2.083,2.083,2.083,2.442,1.8940000000000001,2.083,2.083,2.083,2.083,2.083,2.083,2.083,2.083,2.083,2.083,2.083,2.083,2.083,2.083,2.083
I,2.083,2.083,2.083,2.174,2.122,2.083,2.083,2.083,1.383,1.6680000000000001,1.986,1.88,0.977,1.823,2.958,1.215,2.247,1.9689999999999999,2.01,2.083
K,2.083,2.083,2.083,1.607,2.0940000000000003,2.083,2.083,1.383,2.083,1.114,2.1470000000000002,2.608,2.153,3.348,1.712,1.4,2.35,1.266,0.858,2.083
L,2.083,2.083,2.083,2.004,2.004,2.083,2.083,1.6680000000000001,1.114,2.083,2.088,1.991,1.8940000000000001,2.177,1.817,2.232,2.01,2.093,2.056,2.083
M,2.083,2.083,2.083,1.9340000000000002,1.967,2.083,2.083,1.986,2.1470000000000002,2.088,2.083,2.083,2.083,2.083,2.083,2.083,2.083,2.083,2.083,2.083
N,2.083,2.083,2.083,2.8609999999999998,2.056,2.083,2.083,1.88,2.608,1.991,2.083,2.083,1.881,3.531,1.9449999999999998,3.562,3.328,1.454,1.49,2.083
P,2.083,2.083,2.083,2.4299999999999997,2.151,2.083,2.083,0.977,2.153,1.8940000000000001,2.083,1.881,2.083,2.083,2.083,2.083,2.083,2.083,2.083,2.083
Q,2.083,2.083,2.083,3.418,2.0460000000000003,2.083,2.083,1.823,3.348,2.177,2.083,3.531,2.083,2.083,2.083,2.083,2.083,2.083,2.083,2.083
R,2.083,2.083,2.083,3.141,2.099,2.083,2.083,2.958,1.712,1.817,2.083,1.9449999999999998,2.083,2.083,2.083,2.083,2.083,2.083,2.083,2.083
S,2.083,2.083,2.083,2.88,2.0,2.083,2.083,1.215,1.4,2.232,2.083,3.562,2.083,2.083,2.083,2.083,2.557,2.153,1.799,2.083
T,2.083,2.083,2.083,2.686,1.986,2.083,2.083,2.247,2.35,2.01,2.083,3.328,2.083,2.083,2.083,2.557,2.083,2.083,2.083,2.083
V,2.083,2.083,2.083,2.666,1.968,2.083,2.083,1.9689999999999999,1.266,2.093,2.083,1.454,2.083,2.083,2.083,2.153,2.083,2.083,2.083,2.083
W,2.083,2.083,2.083,2.207,2.053,2.083,2.083,2.01,0.858,2.056,2.083,1.49,2.083,2.083,2.083,1.799,2.083,2.083,2.083,2.083
Y,2.083,2.083,2.083,2.083,2.083,2.083,2.083,2.083,2.083,2.083,2.083,2.083,2.083,2.083,2.083,2.083,2.083,2.083,2.083,2.083
