,A,C,D,E,F,G,H,I,K,L,M,N,P,Q,R,S,T,V,W,Y
A,2.128,2.128,2.128,2.128,2.128,2.128,2.128,2.128,2.128,2.128,2.128,2.128,2.128,2.128,2.128,2.128,2.128,2.128,2.128,2.128
C,2.128,2.128,2.128,2.128,2.128,2.128,2.128,2.128,2.128,2.128,2.128,2.128,2.128,2.128,2.128,2.128,2.128,2.128,2.128,2.128
D,2.128,2.128,2.128,2.128,2.128,2.128,2.128,2.128,2.128,2.128,2.128,2.128,2.128,2.128,2.128,2.128,2.128,2.128,2.128,2.128
E,2.128,2.128,2.128,2.128,1.821,1.114,2.558,2.278,1.796,1.9849999999999999,1.9409999999999998,2.88,2.434,3.386,3.152,2.976,2.759,2.801,2.198,2.128
F,2.128,2.128,2.128,1.821,2.128,2.135,1.966,2.144,2.162,2.0389999999999997,2.005,2.09,2.176,2.085,2.127,2.041,2.064,2.025,2.0869999999999997,2.128
G,2.128,2.128,2.128,1.114,2.135,2.128,2.128,2.128,2.128,2.128,2.128,2.128,2.128,2.128,2.128,2.128,2.128,2.128,2.128,2.128
H,2.128,2.128,2.128,2.558,1.966,2.128,2.128,2.128,2.128,2.128,2.128,2.128,2.128,2.128,2.128,2.128,2.128,2.128,2.128,2.128
I,2.128,2.128,2.128,2.278,2.144,2.128,2.128,2.128,1.403,1.718,2.129,1.905,1.004,1.855,3.055,1.242,2.318,2.005,2.0620000000000003,2.128
K,2.128,2.128,2.128,1.796,2.162,2.128,2.128,1.403,2.128,1.109,2.129,2.627,2.056,3.458,1.682,1.315,2.254,1.266,0.785,2.128
L,2.128,2.128,2.128,1.9849999999999999,2.0389999999999997,2.128,2.128,1.718,1.109,2.128,2.121,2.028,1.9569999999999999,2.191,1.937,2.24,2.0540000000000003,2.125,2.0869999999999997,2.128
M,2.128,2.128,2.128,1.9409999999999998,2.005,2.128,2.128,2.129,2.129,2.121,2.128,2.128,2.128,2.128,2.128,2.128,2.128,2.128,2.128,2.128
N,2.128,2.128,2.128,2.88,2.09,2.128,2.128,1.905,2.627,2.028,2.128,2.128,1.927,3.603,1.979,3.654,3.394,1.504,1.5230000000000001,2.128
P,2.128,2.128,2.128,2.434,2.176,2.128,2.128,1.004,2.056,1.9569999999999999,2.128,1.927,2.128,2.128,2.128,2.128,2.128,2.128,2.128,2.128
Q,2.128,2.128,2.128,3.386,2.085,2.128,2.128,1.855,3.458,2.191,2.128,3.603,2.128,2.128,2.128,2.128,2.128,2.128,2.128,2.128
R,2.128,2.128,2.128,3.152,2.127,2.128,2.128,3.055,1.682,1.937,2.128,1.979,2.128,2.128,2.128,2.128,2.128,2.128,2.128,2.128
S,2.128,2.128,2.128,2.976,2.041,2.128,2.128,1.242,1.315,2.24,2.128,3.654,2.128,2.128,2.128,2.128,2.75,2.137,1.855,2.128
T,2.128,2.128,2.128,2.759,2.064,2.128,2.128,2.318,2.254,2.0540000000000003,2.128,3.394,2.128,2.128,2.128,2.75,2.128,2.128,2.128,2.128
V,2.128,2.128,2.128,2.801,2.025,2.128,2.128,2.005,1.266,2.125,2.128,1.504,2.128,2.128,2.128,2.137,2.128,2.128,2.128,2.128
W,2.128,2.128,2.128,2.198,2.0869999999999997,2.128,2.128,2.0620000000000003,0.785,2.0869999999999997,2.128,1.5230000000000001,2.128,2.128,2.128,1.855,2.128,2.128,2.128,2.128
Y,2.128,2.128,2.128,2.128,2.128,2.128,2.128,2.128,2.128,2.128,2.128,2.128,2.128,2.128,2.128,2.128,2.128,2.128,2.128,2.128
