,A,C,D,E,F,G,H,I,K,L,M,N,P,Q,R,S,T,V,W,Y
A,2.624,2.624,2.624,2.624,2.624,2.624,2.624,2.624,2.624,2.624,2.624,2.624,2.624,2.624,2.624,2.624,2.624,2.624,2.624,2.624
C,2.624,2.624,2.624,2.624,2.624,2.624,2.624,2.624,2.624,2.624,2.624,2.624,2.624,2.624,2.624,2.624,2.624,2.624,2.624,2.624
D,2.624,2.624,2.624,4.157,3.005,3.23,3.443,2.927,3.383,1.144,2.999,3.298,3.214,3.525,3.171,3.5,3.252,2.933,2.98,2.624
E,2.624,2.624,4.157,2.624,2.624,2.624,2.624,2.624,2.624,2.624,2.624,2.624,2.624,2.624,2.624,2.624,2.624,2.624,2.624,2.624
F,2.624,2.624,3.005,2.624,2.624,2.624,2.624,2.624,2.624,2.624,2.624,2.624,2.624,2.624,2.624,2.624,2.624,2.624,2.624,2.624
G,2.624,2.624,3.23,2.624,2.624,2.624,2.624,2.624,2.624,2.624,2.624,2.624,2.624,2.624,2.624,2.624,2.624,2.624,2.624,2.624
H,2.624,2.624,3.443,2.624,2.624,2.624,2.624,2.624,2.624,2.624,2.624,2.624,2.624,2.624,2.624,2.624,2.624,2.624,2.624,2.624
I,2.624,2.624,2.927,2.624,2.624,2.624,2.624,2.624,2.624,2.624,2.624,2.624,2.624,2.624,2.624,2.624,2.624,2.624,2.624,2.624
K,2.624,2.624,3.383,2.624,2.624,2.624,2.624,2.624,2.624,2.624,2.624,2.624,2.624,2.624,2.624,2.624,2.624,2.624,2.624,2.624
L,2.624,2.624,1.144,2.624,2.624,2.624,2.624,2.624,2.624,2.624,2.012,3.36,3.376,3.625,3.43,3.42,1.779,1.9300000000000002,3.745,2.624
M,2.624,2.624,2.999,2.624,2.624,2.624,2.624,2.624,2.624,2.012,2.624,3.106,3.478,1.299,0.20299999999999996,2.509,2.759,1.939,2.856,2.624
N,2.624,2.624,3.298,2.624,2.624,2.624,2.624,2.624,2.624,3.36,3.106,2.624,3.182,3.637,3.471,3.817,3.597,2.956,3.061,2.624
P,2.624,2.624,3.214,2.624,2.624,2.624,2.624,2.624,2.624,3.376,3.478,3.182,2.624,3.374,3.245,3.436,3.311,0.611,3.149,2.624
Q,2.624,2.624,3.525,2.624,2.624,2.624,2.624,2.624,2.624,3.625,1.299,3.637,3.374,2.624,1.8639999999999999,4.031000000000001,3.908,0.04700000000000004,3.004,2.624
R,2.624,2.624,3.171,2.624,2.624,2.624,2.624,2.624,2.624,3.43,0.20299999999999996,3.471,3.245,1.8639999999999999,2.624,2.624,2.624,2.624,2.624,2.624
S,2.624,2.624,3.5,2.624,2.624,2.624,2.624,2.624,2.624,3.42,2.509,3.817,3.436,4.031000000000001,2.624,2.624,2.624,2.624,2.624,2.624
T,2.624,2.624,3.252,2.624,2.624,2.624,2.624,2.624,2.624,1.779,2.759,3.597,3.311,3.908,2.624,2.624,2.624,0.45399999999999996,3.745,2.624
V,2.624,2.624,2.933,2.624,2.624,2.624,2.624,2.624,2.624,1.9300000000000002,1.939,2.956,0.611,0.04700000000000004,2.624,2.624,0.45399999999999996,2.624,2.624,2.624
W,2.624,2.624,2.98,2.624,2.624,2.624,2.624,2.624,2.624,3.745,2.856,3.061,3.149,3.004,2.624,2.624,3.745,2.624,2.624,2.624
Y,2.624,2.624,2.624,2.624,2.624,2.624,2.624,2.624,2.624,2.624,2.624,2.624,2.624,2.624,2.624,2.624,2.624,2.624,2.624,2.624
