,A,C,D,E,F,G,H,I,K,L,M,N,P,Q,R,S,T,V,W,Y
A,2.097,2.097,2.097,2.097,2.097,2.097,2.097,2.097,2.097,2.097,2.097,2.097,2.097,2.097,2.097,2.097,2.097,2.097,2.097,2.097
C,2.097,2.097,2.097,2.097,2.097,2.097,2.097,2.097,2.097,2.097,2.097,2.097,2.097,2.097,2.097,2.097,2.097,2.097,2.097,2.097
D,2.097,2.097,2.097,2.097,2.097,2.097,2.097,2.097,2.097,2.097,2.097,2.097,2.097,2.097,2.097,2.097,2.097,2.097,2.097,2.097
E,2.097,2.097,2.097,2.097,1.827,1.155,2.521,2.2569999999999997,1.802,2.005,2.011,2.8289999999999997,2.416,3.197,3.091,2.839,2.658,2.748,2.199,2.097
F,2.097,2.097,2.097,1.827,2.097,2.089,1.946,2.092,2.074,2.0300000000000002,1.998,2.04,2.114,2.035,2.1100000000000003,2.0309999999999997,2.026,2.012,2.069,2.097
G,2.097,2.097,2.097,1.155,2.089,2.097,2.097,2.097,2.097,2.097,2.097,2.097,2.097,2.097,2.097,2.097,2.097,2.097,2.097,2.097
H,2.097,2.097,2.097,2.521,1.946,2.097,2.097,2.097,2.097,2.097,2.097,2.097,2.097,2.097,2.097,2.097,2.097,2.097,2.097,2.097
I,2.097,2.097,2.097,2.2569999999999997,2.092,2.097,2.097,2.097,1.458,1.7149999999999999,2.013,1.9449999999999998,1.185,1.874,2.995,1.292,2.269,2.005,2.064,2.097
K,2.097,2.097,2.097,1.802,2.074,2.097,2.097,1.458,2.097,1.1400000000000001,2.0860000000000003,2.625,2.0869999999999997,3.314,1.766,1.441,2.193,1.215,0.804,2.097
L,2.097,2.097,2.097,2.005,2.0300000000000002,2.097,2.097,1.7149999999999999,1.1400000000000001,2.097,2.099,2.012,1.919,2.192,1.8519999999999999,2.241,2.025,2.108,2.074,2.097
M,2.097,2.097,2.097,2.011,1.998,2.097,2.097,2.013,2.0860000000000003,2.099,2.097,2.097,2.097,2.097,2.097,2.097,2.097,2.097,2.097,2.097
N,2.097,2.097,2.097,2.8289999999999997,2.04,2.097,2.097,1.9449999999999998,2.625,2.012,2.097,2.097,1.8719999999999999,3.623,1.865,3.535,3.416,1.514,1.549,2.097
P,2.097,2.097,2.097,2.416,2.114,2.097,2.097,1.185,2.0869999999999997,1.919,2.097,1.8719999999999999,2.097,2.097,2.097,2.097,2.097,2.097,2.097,2.097
Q,2.097,2.097,2.097,3.197,2.035,2.097,2.097,1.874,3.314,2.192,2.097,3.623,2.097,2.097,2.097,2.097,2.097,2.097,2.097,2.097
R,2.097,2.097,2.097,3.091,2.1100000000000003,2.097,2.097,2.995,1.766,1.8519999999999999,2.097,1.865,2.097,2.097,2.097,2.097,2.097,2.097,2.097,2.097
S,2.097,2.097,2.097,2.839,2.0309999999999997,2.097,2.097,1.292,1.441,2.241,2.097,3.535,2.097,2.097,2.097,2.097,2.652,2.0709999999999997,1.811,2.097
T,2.097,2.097,2.097,2.658,2.026,2.097,2.097,2.269,2.193,2.025,2.097,3.416,2.097,2.097,2.097,2.652,2.097,2.097,2.097,2.097
V,2.097,2.097,2.097,2.748,2.012,2.097,2.097,2.005,1.215,2.108,2.097,1.514,2.097,2.097,2.097,2.0709999999999997,2.097,2.097,2.097,2.097
W,2.097,2.097,2.097,2.199,2.069,2.097,2.097,2.064,0.804,2.074,2.097,1.549,2.097,2.097,2.097,1.811,2.097,2.097,2.097,2.097
Y,2.097,2.097,2.097,2.097,2.097,2.097,2.097,2.097,2.097,2.097,2.097,2.097,2.097,2.097,2.097,2.097,2.097,2.097,2.097,2.097
