,A,C,D,E,F,G,H,I,K,L,M,N,P,Q,R,S,T,V,W,Y
A,2.354,2.354,2.354,2.354,2.354,2.354,2.354,2.354,2.354,2.354,2.354,2.354,2.354,2.354,2.354,2.354,2.354,2.354,2.354,2.354
C,2.354,2.354,2.354,2.354,2.354,2.354,2.354,2.354,2.354,2.354,2.354,2.354,2.354,2.354,2.354,2.354,2.354,2.354,2.354,2.354
D,2.354,2.354,2.354,2.354,2.354,2.354,2.354,2.354,2.354,2.354,2.354,2.354,2.354,2.354,2.354,2.354,2.354,2.354,2.354,2.354
E,2.354,2.354,2.354,2.354,2.762,2.767,3.049,2.721,3.12,2.694,2.87,3.016,2.9379999999999997,0.43799999999999994,3.026,3.001,2.957,2.817,2.794,2.354
F,2.354,2.354,2.354,2.762,2.354,2.488,2.731,2.9130000000000003,2.846,3.096,2.9939999999999998,2.6,2.613,2.666,2.634,2.701,2.7039999999999997,2.841,3.072,2.354
G,2.354,2.354,2.354,2.767,2.488,2.354,2.354,2.354,2.354,2.354,2.354,2.354,2.354,2.354,2.354,2.354,2.354,2.354,2.354,2.354
H,2.354,2.354,2.354,3.049,2.731,2.354,2.354,2.354,2.354,2.354,2.354,2.354,2.354,2.354,2.354,2.354,2.354,2.354,2.354,2.354
I,2.354,2.354,2.354,2.721,2.9130000000000003,2.354,2.354,2.354,3.358,1.925,1.186,2.5149999999999997,2.142,3.413,2.891,0.33999999999999997,-0.014000000000000012,1.71,2.501,2.354
K,2.354,2.354,2.354,3.12,2.846,2.354,2.354,3.358,2.354,2.733,2.878,3.065,2.9450000000000003,3.171,3.086,3.014,2.892,2.774,2.76,2.354
L,2.354,2.354,2.354,2.694,3.096,2.354,2.354,1.925,2.733,2.354,2.354,2.354,2.354,2.354,2.354,2.354,2.354,2.354,2.354,2.354
M,2.354,2.354,2.354,2.87,2.9939999999999998,2.354,2.354,1.186,2.878,2.354,2.354,2.951,2.951,0.32999999999999996,2.979,2.9699999999999998,0.29100000000000004,0.733,3.017,2.354
N,2.354,2.354,2.354,3.016,2.6,2.354,2.354,2.5149999999999997,3.065,2.354,2.951,2.354,2.856,3.06,3.021,3.114,3.058,2.71,2.809,2.354
P,2.354,2.354,2.354,2.9379999999999997,2.613,2.354,2.354,2.142,2.9450000000000003,2.354,2.951,2.856,2.354,2.354,2.354,2.354,2.354,2.354,2.354,2.354
Q,2.354,2.354,2.354,0.43799999999999994,2.666,2.354,2.354,3.413,3.171,2.354,0.32999999999999996,3.06,2.354,2.354,2.354,2.354,2.354,2.354,2.354,2.354
R,2.354,2.354,2.354,3.026,2.634,2.354,2.354,2.891,3.086,2.354,2.979,3.021,2.354,2.354,2.354,2.354,2.354,2.354,2.354,2.354
S,2.354,2.354,2.354,3.001,2.701,2.354,2.354,0.33999999999999997,3.014,2.354,2.9699999999999998,3.114,2.354,2.354,2.354,2.354,2.354,2.354,2.354,2.354
T,2.354,2.354,2.354,2.957,2.7039999999999997,2.354,2.354,-0.014000000000000012,2.892,2.354,0.29100000000000004,3.058,2.354,2.354,2.354,2.354,2.354,2.354,2.354,2.354
V,2.354,2.354,2.354,2.817,2.841,2.354,2.354,1.71,2.774,2.354,0.733,2.71,2.354,2.354,2.354,2.354,2.354,2.354,2.354,2.354
W,2.354,2.354,2.354,2.794,3.072,2.354,2.354,2.501,2.76,2.354,3.017,2.809,2.354,2.354,2.354,2.354,2.354,2.354,2.354,2.354
Y,2.354,2.354,2.354,2.354,2.354,2.354,2.354,2.354,2.354,2.354,2.354,2.354,2.354,2.354,2.354,2.354,2.354,2.354,2.354,2.354
