,A,C,D,E,F,G,H,I,K,L,M,N,P,Q,R,S,T,V,W,Y
A,2.004,1.461,2.393,1.888,3.083,1.267,2.158,1.987,2.927,3.127,1.9409999999999998,1.752,0.796,2.415,3.263,1.479,2.581,2.375,3.09,2.004
C,1.461,2.004,1.187,1.292,1.887,1.074,1.509,0.583,1.385,0.32199999999999995,0.924,2.2649999999999997,1.4769999999999999,1.529,1.923,1.274,1.526,0.596,1.4769999999999999,2.004
D,2.393,1.187,2.004,3.767,1.901,3.071,2.9299999999999997,1.432,3.22,1.4689999999999999,1.9649999999999999,2.5229999999999997,2.91,3.332,2.8689999999999998,3.779,3.447,2.893,1.8159999999999998,2.004
E,1.888,1.292,3.767,2.004,2.718,2.74,2.74,2.7039999999999997,2.6470000000000002,2.732,2.787,2.741,2.775,1.4809999999999999,2.724,2.759,2.758,2.759,2.729,2.004
F,3.083,1.887,1.901,2.718,2.004,1.7970000000000002,1.6360000000000001,3.103,2.654,3.176,2.6559999999999997,2.093,1.351,2.185,2.0860000000000003,1.913,2.202,2.626,1.381,2.004
G,1.267,1.074,3.071,2.74,1.7970000000000002,2.004,2.512,2.302,2.524,2.33,1.479,2.731,1.6219999999999999,2.5389999999999997,2.483,2.06,2.5060000000000002,1.026,1.593,2.004
H,2.158,1.509,2.9299999999999997,2.74,1.6360000000000001,2.512,2.004,2.004,2.004,2.004,2.004,2.004,2.004,2.004,2.004,2.004,2.004,2.004,2.004,2.004
I,1.987,0.583,1.432,2.7039999999999997,3.103,2.302,2.004,2.004,2.365,1.575,1.095,1.168,0.983,2.358,1.3719999999999999,0.507,0.698,1.487,1.1,2.004
K,2.927,1.385,3.22,2.6470000000000002,2.654,2.524,2.004,2.365,2.004,1.639,3.027,3.249,3.101,3.246,2.863,3.169,3.056,2.859,2.791,2.004
L,3.127,0.32199999999999995,1.4689999999999999,2.732,3.176,2.33,2.004,1.575,1.639,2.004,0.623,1.908,1.995,1.222,2.226,1.806,1.1219999999999999,1.353,2.482,2.004
M,1.9409999999999998,0.924,1.9649999999999999,2.787,2.6559999999999997,1.479,2.004,1.095,3.027,0.623,2.004,2.019,2.556,1.353,1.3639999999999999,1.738,1.837,1.432,2.612,2.004
N,1.752,2.2649999999999997,2.5229999999999997,2.741,2.093,2.731,2.004,1.168,3.249,1.908,2.019,2.004,3.447,3.573,3.864,3.394,3.67,2.415,2.677,2.004
P,0.796,1.4769999999999999,2.91,2.775,1.351,1.6219999999999999,2.004,0.983,3.101,1.995,2.556,3.447,2.004,2.484,2.327,2.223,2.138,0.972,1.72,2.004
Q,2.415,1.529,3.332,1.4809999999999999,2.185,2.5389999999999997,2.004,2.358,3.246,1.222,1.353,3.573,2.484,2.004,2.9290000000000003,2.878,3.207,0.472,2.205,2.004
R,3.263,1.923,2.8689999999999998,2.724,2.0860000000000003,2.483,2.004,1.3719999999999999,2.863,2.226,1.3639999999999999,3.864,2.327,2.9290000000000003,2.004,1.853,1.8780000000000001,1.542,1.6400000000000001,2.004
S,1.479,1.274,3.779,2.759,1.913,2.06,2.004,0.507,3.169,1.806,1.738,3.394,2.223,2.878,1.853,2.004,1.262,0.492,1.818,2.004
T,2.581,1.526,3.447,2.758,2.202,2.5060000000000002,2.004,0.698,3.056,1.1219999999999999,1.837,3.67,2.138,3.207,1.8780000000000001,1.262,2.004,0.6819999999999999,2.441,2.004
V,2.375,0.596,2.893,2.759,2.626,1.026,2.004,1.487,2.859,1.353,1.432,2.415,0.972,0.472,1.542,0.492,0.6819999999999999,2.004,1.708,2.004
W,3.09,1.4769999999999999,1.8159999999999998,2.729,1.381,1.593,2.004,1.1,2.791,2.482,2.612,2.677,1.72,2.205,1.6400000000000001,1.818,2.441,1.708,2.004,2.004
Y,2.004,2.004,2.004,2.004,2.004,2.004,2.004,2.004,2.004,2.004,2.004,2.004,2.004,2.004,2.004,2.004,2.004,2.004,2.004,2.004
