,A,C,D,E,F,G,H,I,K,L,M,N,P,Q,R,S,T,V,W,Y
A,2.093,2.093,2.093,2.093,2.093,2.093,2.093,2.093,2.093,2.093,2.093,2.093,2.093,2.093,2.093,2.093,2.093,2.093,2.093,2.093
C,2.093,2.093,2.093,2.093,2.093,2.093,2.093,2.093,2.093,2.093,2.093,2.093,2.093,2.093,2.093,2.093,2.093,2.093,2.093,2.093
D,2.093,2.093,2.093,2.093,2.093,2.093,2.093,2.093,2.093,2.093,2.093,2.093,2.093,2.093,2.093,2.093,2.093,2.093,2.093,2.093
E,2.093,2.093,2.093,2.093,1.838,1.103,2.4450000000000003,2.1790000000000003,1.6139999999999999,2.0140000000000002,1.942,2.864,2.4370000000000003,3.286,3.219,2.886,2.691,2.6710000000000003,2.215,2.093
F,2.093,2.093,2.093,1.838,2.093,2.124,1.912,2.121,2.1,2.0140000000000002,1.9729999999999999,2.0620000000000003,2.1630000000000003,2.05,2.105,2.017,1.996,1.99,2.0549999999999997,2.093
G,2.093,2.093,2.093,1.103,2.124,2.093,2.093,2.093,2.093,2.093,2.093,2.093,2.093,2.093,2.093,2.093,2.093,2.093,2.093,2.093
H,2.093,2.093,2.093,2.4450000000000003,1.912,2.093,2.093,2.093,2.093,2.093,2.093,2.093,2.093,2.093,2.093,2.093,2.093,2.093,2.093,2.093
I,2.093,2.093,2.093,2.1790000000000003,2.121,2.093,2.093,2.093,1.315,1.6520000000000001,2.049,1.921,1.044,1.863,2.947,1.275,2.3289999999999997,1.986,2.074,2.093
K,2.093,2.093,2.093,1.6139999999999999,2.1,2.093,2.093,1.315,2.093,1.107,2.13,2.592,2.036,3.332,1.726,1.3900000000000001,2.24,1.175,0.851,2.093
L,2.093,2.093,2.093,2.0140000000000002,2.0140000000000002,2.093,2.093,1.6520000000000001,1.107,2.093,2.1,2.011,1.912,2.1719999999999997,1.85,2.229,2.024,2.097,2.064,2.093
M,2.093,2.093,2.093,1.942,1.9729999999999999,2.093,2.093,2.049,2.13,2.1,2.093,2.093,2.093,2.093,2.093,2.093,2.093,2.093,2.093,2.093
N,2.093,2.093,2.093,2.864,2.0620000000000003,2.093,2.093,1.921,2.592,2.011,2.093,2.093,1.92,3.634,1.901,3.613,3.377,1.483,1.5190000000000001,2.093
P,2.093,2.093,2.093,2.4370000000000003,2.1630000000000003,2.093,2.093,1.044,2.036,1.912,2.093,1.92,2.093,2.093,2.093,2.093,2.093,2.093,2.093,2.093
Q,2.093,2.093,2.093,3.286,2.05,2.093,2.093,1.863,3.332,2.1719999999999997,2.093,3.634,2.093,2.093,2.093,2.093,2.093,2.093,2.093,2.093
R,2.093,2.093,2.093,3.219,2.105,2.093,2.093,2.947,1.726,1.85,2.093,1.901,2.093,2.093,2.093,2.093,2.093,2.093,2.093,2.093
S,2.093,2.093,2.093,2.886,2.017,2.093,2.093,1.275,1.3900000000000001,2.229,2.093,3.613,2.093,2.093,2.093,2.093,2.5620000000000003,2.1029999999999998,1.932,2.093
T,2.093,2.093,2.093,2.691,1.996,2.093,2.093,2.3289999999999997,2.24,2.024,2.093,3.377,2.093,2.093,2.093,2.5620000000000003,2.093,2.093,2.093,2.093
V,2.093,2.093,2.093,2.6710000000000003,1.99,2.093,2.093,1.986,1.175,2.097,2.093,1.483,2.093,2.093,2.093,2.1029999999999998,2.093,2.093,2.093,2.093
W,2.093,2.093,2.093,2.215,2.0549999999999997,2.093,2.093,2.074,0.851,2.064,2.093,1.5190000000000001,2.093,2.093,2.093,1.932,2.093,2.093,2.093,2.093
Y,2.093,2.093,2.093,2.093,2.093,2.093,2.093,2.093,2.093,2.093,2.093,2.093,2.093,2.093,2.093,2.093,2.093,2.093,2.093,2.093
