,A,C,D,E,F,G,H,I,K,L,M,N,P,Q,R,S,T,V,W,Y
A,2.0060000000000002,1.1280000000000001,2.7110000000000003,2.841,2.73,1.384,2.822,1.808,2.222,2.7199999999999998,2.088,1.913,1.244,2.924,2.865,1.06,2.996,2.2,2.724,2.0060000000000002
C,1.1280000000000001,2.0060000000000002,2.0060000000000002,2.0060000000000002,2.0060000000000002,2.0060000000000002,2.0060000000000002,2.0060000000000002,2.0060000000000002,2.0060000000000002,2.0060000000000002,2.0060000000000002,2.0060000000000002,2.0060000000000002,2.0060000000000002,2.0060000000000002,2.0060000000000002,2.0060000000000002,2.0060000000000002,2.0060000000000002
D,2.7110000000000003,2.0060000000000002,2.0060000000000002,2.0060000000000002,2.0060000000000002,2.0060000000000002,2.0060000000000002,2.0060000000000002,2.0060000000000002,2.0060000000000002,2.0060000000000002,2.0060000000000002,2.0060000000000002,2.0060000000000002,2.0060000000000002,2.0060000000000002,2.0060000000000002,2.0060000000000002,2.0060000000000002,2.0060000000000002
E,2.841,2.0060000000000002,2.0060000000000002,2.0060000000000002,2.0060000000000002,2.0060000000000002,2.0060000000000002,2.0060000000000002,2.0060000000000002,2.0060000000000002,2.0060000000000002,2.0060000000000002,2.0060000000000002,2.0060000000000002,2.0060000000000002,2.0060000000000002,2.0060000000000002,2.0060000000000002,2.0060000000000002,2.0060000000000002
F,2.73,2.0060000000000002,2.0060000000000002,2.0060000000000002,2.0060000000000002,2.0060000000000002,2.0060000000000002,2.0060000000000002,2.0060000000000002,2.0060000000000002,2.0060000000000002,2.0060000000000002,2.0060000000000002,2.0060000000000002,2.0060000000000002,2.0060000000000002,2.0060000000000002,2.0060000000000002,2.0060000000000002,2.0060000000000002
G,1.384,2.0060000000000002,2.0060000000000002,2.0060000000000002,2.0060000000000002,2.0060000000000002,2.0060000000000002,2.0060000000000002,2.0060000000000002,2.0060000000000002,2.0060000000000002,2.0060000000000002,2.0060000000000002,2.0060000000000002,2.0060000000000002,2.0060000000000002,2.0060000000000002,2.0060000000000002,2.0060000000000002,2.0060000000000002
H,2.822,2.0060000000000002,2.0060000000000002,2.0060000000000002,2.0060000000000002,2.0060000000000002,2.0060000000000002,2.0060000000000002,2.0060000000000002,2.0060000000000002,2.0060000000000002,2.0060000000000002,2.0060000000000002,2.0060000000000002,2.0060000000000002,2.0060000000000002,2.0060000000000002,2.0060000000000002,2.0060000000000002,2.0060000000000002
I,1.808,2.0060000000000002,2.0060000000000002,2.0060000000000002,2.0060000000000002,2.0060000000000002,2.0060000000000002,2.0060000000000002,2.0060000000000002,2.0060000000000002,2.0060000000000002,2.0060000000000002,2.0060000000000002,2.0060000000000002,2.0060000000000002,2.0060000000000002,2.0060000000000002,2.0060000000000002,2.0060000000000002,2.0060000000000002
K,2.222,2.0060000000000002,2.0060000000000002,2.0060000000000002,2.0060000000000002,2.0060000000000002,2.0060000000000002,2.0060000000000002,2.0060000000000002,2.0060000000000002,2.0060000000000002,2.0060000000000002,2.0060000000000002,2.0060000000000002,2.0060000000000002,2.0060000000000002,2.0060000000000002,2.0060000000000002,2.0060000000000002,2.0060000000000002
L,2.7199999999999998,2.0060000000000002,2.0060000000000002,2.0060000000000002,2.0060000000000002,2.0060000000000002,2.0060000000000002,2.0060000000000002,2.0060000000000002,2.0060000000000002,1.803,1.905,1.913,1.495,2.6319999999999997,2.104,1.4,1.722,1.955,2.0060000000000002
M,2.088,2.0060000000000002,2.0060000000000002,2.0060000000000002,2.0060000000000002,2.0060000000000002,2.0060000000000002,2.0060000000000002,2.0060000000000002,1.803,2.0060000000000002,1.732,1.768,2.904,2.747,1.6480000000000001,2.8529999999999998,2.975,1.956,2.0060000000000002
N,1.913,2.0060000000000002,2.0060000000000002,2.0060000000000002,2.0060000000000002,2.0060000000000002,2.0060000000000002,2.0060000000000002,2.0060000000000002,1.905,1.732,2.0060000000000002,1.966,1.874,1.967,1.964,1.9,1.783,1.955,2.0060000000000002
P,1.244,2.0060000000000002,2.0060000000000002,2.0060000000000002,2.0060000000000002,2.0060000000000002,2.0060000000000002,2.0060000000000002,2.0060000000000002,1.913,1.768,1.966,2.0060000000000002,2.357,2.998,1.7850000000000001,1.972,1.8279999999999998,1.8479999999999999,2.0060000000000002
Q,2.924,2.0060000000000002,2.0060000000000002,2.0060000000000002,2.0060000000000002,2.0060000000000002,2.0060000000000002,2.0060000000000002,2.0060000000000002,1.495,2.904,1.874,2.357,2.0060000000000002,2.0060000000000002,2.0060000000000002,2.0060000000000002,2.0060000000000002,2.0060000000000002,2.0060000000000002
R,2.865,2.0060000000000002,2.0060000000000002,2.0060000000000002,2.0060000000000002,2.0060000000000002,2.0060000000000002,2.0060000000000002,2.0060000000000002,2.6319999999999997,2.747,1.967,2.998,2.0060000000000002,2.0060000000000002,2.0060000000000002,2.0060000000000002,2.0060000000000002,2.0060000000000002,2.0060000000000002
S,1.06,2.0060000000000002,2.0060000000000002,2.0060000000000002,2.0060000000000002,2.0060000000000002,2.0060000000000002,2.0060000000000002,2.0060000000000002,2.104,1.6480000000000001,1.964,1.7850000000000001,2.0060000000000002,2.0060000000000002,2.0060000000000002,2.0060000000000002,2.0060000000000002,2.0060000000000002,2.0060000000000002
T,2.996,2.0060000000000002,2.0060000000000002,2.0060000000000002,2.0060000000000002,2.0060000000000002,2.0060000000000002,2.0060000000000002,2.0060000000000002,1.4,2.8529999999999998,1.9,1.972,2.0060000000000002,2.0060000000000002,2.0060000000000002,2.0060000000000002,1.71,0.825,2.0060000000000002
V,2.2,2.0060000000000002,2.0060000000000002,2.0060000000000002,2.0060000000000002,2.0060000000000002,2.0060000000000002,2.0060000000000002,2.0060000000000002,1.722,2.975,1.783,1.8279999999999998,2.0060000000000002,2.0060000000000002,2.0060000000000002,1.71,2.0060000000000002,2.996,2.0060000000000002
W,2.724,2.0060000000000002,2.0060000000000002,2.0060000000000002,2.0060000000000002,2.0060000000000002,2.0060000000000002,2.0060000000000002,2.0060000000000002,1.955,1.956,1.955,1.8479999999999999,2.0060000000000002,2.0060000000000002,2.0060000000000002,0.825,2.996,2.0060000000000002,2.0060000000000002
Y,2.0060000000000002,2.0060000000000002,2.0060000000000002,2.0060000000000002,2.0060000000000002,2.0060000000000002,2.0060000000000002,2.0060000000000002,2.0060000000000002,2.0060000000000002,2.0060000000000002,2.0060000000000002,2.0060000000000002,2.0060000000000002,2.0060000000000002,2.0060000000000002,2.0060000000000002,2.0060000000000002,2.0060000000000002,2.0060000000000002
