,A,C,D,E,F,G,H,I,K,L,M,N,P,Q,R,S,T,V,W,Y
A,2.005,1.391,2.392,1.827,3.117,1.175,2.145,1.9689999999999999,2.9370000000000003,3.156,1.899,1.712,0.671,2.401,3.311,1.411,2.577,2.351,3.125,2.005
C,1.391,2.005,1.237,1.298,1.939,1.134,1.529,-0.04699999999999993,1.401,-0.26,0.634,2.341,1.4889999999999999,1.56,1.935,0.692,1.202,-0.052000000000000046,1.549,2.005
D,2.392,1.237,2.005,3.885,2.138,3.412,3.117,1.623,3.596,1.605,2.206,2.66,3.351,3.268,3.324,3.745,3.402,2.8689999999999998,2.1109999999999998,2.005
E,1.827,1.298,3.885,2.005,2.755,2.783,2.7649999999999997,2.734,2.668,2.761,2.814,2.771,2.822,1.453,2.7569999999999997,2.7889999999999997,2.785,2.7960000000000003,2.766,2.005
F,3.117,1.939,2.138,2.755,2.005,1.665,1.433,2.999,2.542,3.037,2.479,1.951,1.569,2.0149999999999997,2.5069999999999997,1.741,2.0460000000000003,2.8810000000000002,1.522,2.005
G,1.175,1.134,3.412,2.783,1.665,2.005,2.536,2.323,2.553,2.359,1.463,2.755,1.608,2.572,2.503,2.051,2.541,1.0,1.579,2.005
H,2.145,1.529,3.117,2.7649999999999997,1.433,2.536,2.005,2.005,2.005,2.005,2.005,2.005,2.005,2.005,2.005,2.005,2.005,2.005,2.005,2.005
I,1.9689999999999999,-0.04699999999999993,1.623,2.734,2.999,2.323,2.005,2.005,2.3520000000000003,1.607,1.1179999999999999,1.183,1.031,2.3529999999999998,1.3719999999999999,0.5589999999999999,0.753,1.395,1.178,2.005
K,2.9370000000000003,1.401,3.596,2.668,2.542,2.553,2.005,2.3520000000000003,2.005,1.595,3.063,3.284,3.14,3.299,2.884,3.219,3.096,2.902,2.826,2.005
L,3.156,-0.26,1.605,2.761,3.037,2.359,2.005,1.607,1.595,2.005,0.265,1.6600000000000001,1.737,1.088,1.955,1.5819999999999999,0.944,1.067,2.322,2.005
M,1.899,0.634,2.206,2.814,2.479,1.463,2.005,1.1179999999999999,3.063,0.265,2.005,1.9300000000000002,2.7569999999999997,1.17,1.49,1.835,1.899,1.5190000000000001,2.7279999999999998,2.005
N,1.712,2.341,2.66,2.771,1.951,2.755,2.005,1.183,3.284,1.6600000000000001,1.9300000000000002,2.005,3.464,3.594,3.894,3.429,3.696,2.401,2.668,2.005
P,0.671,1.4889999999999999,3.351,2.822,1.569,1.608,2.005,1.031,3.14,1.737,2.7569999999999997,3.464,2.005,2.814,2.582,2.1319999999999997,2.036,0.802,1.637,2.005
Q,2.401,1.56,3.268,1.453,2.0149999999999997,2.572,2.005,2.3529999999999998,3.299,1.088,1.17,3.594,2.814,2.005,2.863,3.124,3.534,0.694,2.1799999999999997,2.005
R,3.311,1.935,3.324,2.7569999999999997,2.5069999999999997,2.503,2.005,1.3719999999999999,2.884,1.955,1.49,3.894,2.582,2.863,2.005,1.7570000000000001,1.786,1.403,1.517,2.005
S,1.411,0.692,3.745,2.7889999999999997,1.741,2.051,2.005,0.5589999999999999,3.219,1.5819999999999999,1.835,3.429,2.1319999999999997,3.124,1.7570000000000001,2.005,1.34,0.681,1.638,2.005
T,2.577,1.202,3.402,2.785,2.0460000000000003,2.541,2.005,0.753,3.096,0.944,1.899,3.696,2.036,3.534,1.786,1.34,2.005,0.706,2.489,2.005
V,2.351,-0.052000000000000046,2.8689999999999998,2.7960000000000003,2.8810000000000002,1.0,2.005,1.395,2.902,1.067,1.5190000000000001,2.401,0.802,0.694,1.403,0.681,0.706,2.005,1.509,2.005
W,3.125,1.549,2.1109999999999998,2.766,1.522,1.579,2.005,1.178,2.826,2.322,2.7279999999999998,2.668,1.637,2.1799999999999997,1.517,1.638,2.489,1.509,2.005,2.005
Y,2.005,2.005,2.005,2.005,2.005,2.005,2.005,2.005,2.005,2.005,2.005,2.005,2.005,2.005,2.005,2.005,2.005,2.005,2.005,2.005
