,A,C,D,E,F,G,H,I,K,L,M,N,P,Q,R,S,T,V,W,Y
A,2.416,2.416,2.416,2.416,2.416,2.416,2.416,2.416,2.416,2.416,2.416,2.416,2.416,2.416,2.416,2.416,2.416,2.416,2.416,2.416
C,2.416,2.416,2.416,2.416,2.416,2.416,2.416,2.416,2.416,2.416,2.416,2.416,2.416,2.416,2.416,2.416,2.416,2.416,2.416,2.416
D,2.416,2.416,2.416,2.416,2.416,2.416,2.416,2.416,2.416,2.416,2.416,2.416,2.416,2.416,2.416,2.416,2.416,2.416,2.416,2.416
E,2.416,2.416,2.416,2.416,2.7640000000000002,2.7889999999999997,3.054,2.7190000000000003,3.122,2.7110000000000003,2.871,3.013,2.9299999999999997,0.704,3.03,3.008,2.974,2.835,2.8049999999999997,2.416
F,2.416,2.416,2.416,2.7640000000000002,2.416,2.419,2.784,2.948,2.714,3.117,3.013,2.662,2.674,2.714,2.569,2.762,2.766,2.7960000000000003,3.105,2.416
G,2.416,2.416,2.416,2.7889999999999997,2.419,2.416,2.416,2.416,2.416,2.416,2.416,2.416,2.416,2.416,2.416,2.416,2.416,2.416,2.416,2.416
H,2.416,2.416,2.416,3.054,2.784,2.416,2.416,2.416,2.416,2.416,2.416,2.416,2.416,2.416,2.416,2.416,2.416,2.416,2.416,2.416
I,2.416,2.416,2.416,2.7190000000000003,2.948,2.416,2.416,2.416,3.331,2.018,1.335,2.657,2.299,3.386,2.96,0.581,0.33799999999999997,1.877,2.638,2.416
K,2.416,2.416,2.416,3.122,2.714,2.416,2.416,3.331,2.416,2.7270000000000003,2.884,3.057,2.9370000000000003,3.159,3.096,3.015,2.895,2.778,2.769,2.416
L,2.416,2.416,2.416,2.7110000000000003,3.117,2.416,2.416,2.018,2.7270000000000003,2.416,2.416,2.416,2.416,2.416,2.416,2.416,2.416,2.416,2.416,2.416
M,2.416,2.416,2.416,2.871,3.013,2.416,2.416,1.335,2.884,2.416,2.416,2.966,2.959,0.583,2.9850000000000003,2.966,1.062,0.998,3.029,2.416
N,2.416,2.416,2.416,3.013,2.662,2.416,2.416,2.657,3.057,2.416,2.966,2.416,2.858,3.067,3.023,3.134,3.072,2.738,2.8129999999999997,2.416
P,2.416,2.416,2.416,2.9299999999999997,2.674,2.416,2.416,2.299,2.9370000000000003,2.416,2.959,2.858,2.416,2.416,2.416,2.416,2.416,2.416,2.416,2.416
Q,2.416,2.416,2.416,0.704,2.714,2.416,2.416,3.386,3.159,2.416,0.583,3.067,2.416,2.416,2.416,2.416,2.416,2.416,2.416,2.416
R,2.416,2.416,2.416,3.03,2.569,2.416,2.416,2.96,3.096,2.416,2.9850000000000003,3.023,2.416,2.416,2.416,2.416,2.416,2.416,2.416,2.416
S,2.416,2.416,2.416,3.008,2.762,2.416,2.416,0.581,3.015,2.416,2.966,3.134,2.416,2.416,2.416,2.416,2.416,2.416,2.416,2.416
T,2.416,2.416,2.416,2.974,2.766,2.416,2.416,0.33799999999999997,2.895,2.416,1.062,3.072,2.416,2.416,2.416,2.416,2.416,2.416,2.416,2.416
V,2.416,2.416,2.416,2.835,2.7960000000000003,2.416,2.416,1.877,2.778,2.416,0.998,2.738,2.416,2.416,2.416,2.416,2.416,2.416,2.416,2.416
W,2.416,2.416,2.416,2.8049999999999997,3.105,2.416,2.416,2.638,2.769,2.416,3.029,2.8129999999999997,2.416,2.416,2.416,2.416,2.416,2.416,2.416,2.416
Y,2.416,2.416,2.416,2.416,2.416,2.416,2.416,2.416,2.416,2.416,2.416,2.416,2.416,2.416,2.416,2.416,2.416,2.416,2.416,2.416
