,A,C,D,E,F,G,H,I,K,L,M,N,P,Q,R,S,T,V,W,Y
A,2.02,1.022,2.365,2.668,3.138,1.53,2.0229999999999997,1.858,2.9059999999999997,3.188,1.725,1.561,1.43,2.27,3.338,1.028,2.436,2.233,3.15,2.02
C,1.022,2.02,0.92,1.015,1.647,1.168,1.229,-0.611,1.107,-0.7749999999999999,0.243,2.0789999999999997,1.188,1.249,1.657,0.29000000000000004,0.883,-0.6000000000000001,1.203,2.02
D,2.365,0.92,2.02,3.963,1.921,3.161,2.9939999999999998,1.433,3.315,1.475,1.979,2.584,2.991,3.43,2.936,3.931,3.567,2.99,1.8199999999999998,2.02
E,2.668,1.015,3.963,2.02,2.768,2.801,2.872,2.761,2.803,2.778,2.886,2.888,2.902,1.3559999999999999,2.874,2.9,2.88,2.8360000000000003,2.808,2.02
F,3.138,1.647,1.921,2.768,2.02,1.7850000000000001,1.608,3.187,2.725,3.29,2.7119999999999997,2.092,1.327,2.208,2.075,1.907,2.214,2.6550000000000002,1.338,2.02
G,1.53,1.168,3.161,2.801,1.7850000000000001,2.02,2.6180000000000003,2.416,2.6180000000000003,2.443,1.479,2.846,1.608,2.636,2.577,2.093,2.615,1.011,1.6,2.02
H,2.0229999999999997,1.229,2.9939999999999998,2.872,1.608,2.6180000000000003,2.02,2.02,2.02,2.02,2.02,2.02,2.02,2.02,2.02,2.02,2.02,2.02,2.02,2.02
I,1.858,-0.611,1.433,2.761,3.187,2.416,2.02,2.02,2.267,1.576,1.056,1.1320000000000001,0.995,2.2720000000000002,1.312,0.523,0.6859999999999999,1.338,1.144,2.02
K,2.9059999999999997,1.107,3.315,2.803,2.725,2.6180000000000003,2.02,2.267,2.02,1.484,3.027,3.226,3.094,3.214,3.078,3.163,3.051,2.87,2.806,2.02
L,3.188,-0.7749999999999999,1.475,2.778,3.29,2.443,2.02,1.576,1.484,2.02,0.55,1.8,1.791,1.283,2.2119999999999997,1.708,1.058,1.134,2.59,2.02
M,1.725,0.243,1.979,2.886,2.7119999999999997,1.479,2.02,1.056,3.027,0.55,2.02,1.778,2.558,1.095,1.343,1.718,1.854,1.475,2.596,2.02
N,1.561,2.0789999999999997,2.584,2.888,2.092,2.846,2.02,1.1320000000000001,3.226,1.8,1.778,2.02,3.504,3.638,3.973,3.498,3.75,2.385,2.684,2.02
P,1.43,1.188,2.991,2.902,1.327,1.608,2.02,0.995,3.094,1.791,2.558,3.504,2.02,2.44,2.268,2.207,2.09,0.917,1.678,2.02
Q,2.27,1.249,3.43,1.3559999999999999,2.208,2.636,2.02,2.2720000000000002,3.214,1.283,1.095,3.638,2.44,2.02,3.383,3.011,3.357,0.6619999999999999,2.524,2.02
R,3.338,1.657,2.936,2.874,2.075,2.577,2.02,1.312,3.078,2.2119999999999997,1.343,3.973,2.268,3.383,2.02,2.351,2.383,2.367,2.357,2.02
S,1.028,0.29000000000000004,3.931,2.9,1.907,2.093,2.02,0.523,3.163,1.708,1.718,3.498,2.207,3.011,2.351,2.02,1.081,0.264,1.7189999999999999,2.02
T,2.436,0.883,3.567,2.88,2.214,2.615,2.02,0.6859999999999999,3.051,1.058,1.854,3.75,2.09,3.357,2.383,1.081,2.02,0.6970000000000001,2.4139999999999997,2.02
V,2.233,-0.6000000000000001,2.99,2.8360000000000003,2.6550000000000002,1.011,2.02,1.338,2.87,1.134,1.475,2.385,0.917,0.6619999999999999,2.367,0.264,0.6970000000000001,2.02,1.498,2.02
W,3.15,1.203,1.8199999999999998,2.808,1.338,1.6,2.02,1.144,2.806,2.59,2.596,2.684,1.678,2.524,2.357,1.7189999999999999,2.4139999999999997,1.498,2.02,2.02
Y,2.02,2.02,2.02,2.02,2.02,2.02,2.02,2.02,2.02,2.02,2.02,2.02,2.02,2.02,2.02,2.02,2.02,2.02,2.02,2.02
