,A,C,D,E,F,G,H,I,K,L,M,N,P,Q,R,S,T,V,W,Y
A,2.123,2.123,2.123,2.123,2.123,2.123,2.123,2.123,2.123,2.123,2.123,2.123,2.123,2.123,2.123,2.123,2.123,2.123,2.123,2.123
C,2.123,2.123,2.123,2.123,2.123,2.123,2.123,2.123,2.123,2.123,2.123,2.123,2.123,2.123,2.123,2.123,2.123,2.123,2.123,2.123
D,2.123,2.123,2.123,2.123,2.123,2.123,2.123,2.123,2.123,2.123,2.123,2.123,2.123,2.123,2.123,2.123,2.123,2.123,2.123,2.123
E,2.123,2.123,2.123,2.123,1.839,1.096,2.521,2.232,1.6360000000000001,1.9689999999999999,1.9729999999999999,2.927,2.409,3.473,3.207,2.95,2.738,2.7439999999999998,2.175,2.123
F,2.123,2.123,2.123,1.839,2.123,2.184,1.937,2.1550000000000002,2.154,2.052,2.0060000000000002,2.0700000000000003,2.24,2.106,2.122,2.041,2.033,1.991,2.109,2.123
G,2.123,2.123,2.123,1.096,2.184,2.123,2.123,2.123,2.123,2.123,2.123,2.123,2.123,2.123,2.123,2.123,2.123,2.123,2.123,2.123
H,2.123,2.123,2.123,2.521,1.937,2.123,2.123,2.123,2.123,2.123,2.123,2.123,2.123,2.123,2.123,2.123,2.123,2.123,2.123,2.123
I,2.123,2.123,2.123,2.232,2.1550000000000002,2.123,2.123,2.123,1.361,1.688,2.101,1.972,1.085,1.915,3.0,1.327,2.41,1.998,2.016,2.123
K,2.123,2.123,2.123,1.6360000000000001,2.154,2.123,2.123,1.361,2.123,1.106,2.1319999999999997,2.625,2.056,3.544,1.658,1.298,2.254,1.182,0.776,2.123
L,2.123,2.123,2.123,1.9689999999999999,2.052,2.123,2.123,1.688,1.106,2.123,2.113,2.018,1.983,2.1710000000000003,1.917,2.221,2.0380000000000003,2.121,2.085,2.123
M,2.123,2.123,2.123,1.9729999999999999,2.0060000000000002,2.123,2.123,2.101,2.1319999999999997,2.113,2.123,2.123,2.123,2.123,2.123,2.123,2.123,2.123,2.123,2.123
N,2.123,2.123,2.123,2.927,2.0700000000000003,2.123,2.123,1.972,2.625,2.018,2.123,2.123,1.9569999999999999,3.602,1.92,3.648,3.392,1.482,1.52,2.123
P,2.123,2.123,2.123,2.409,2.24,2.123,2.123,1.085,2.056,1.983,2.123,1.9569999999999999,2.123,2.123,2.123,2.123,2.123,2.123,2.123,2.123
Q,2.123,2.123,2.123,3.473,2.106,2.123,2.123,1.915,3.544,2.1710000000000003,2.123,3.602,2.123,2.123,2.123,2.123,2.123,2.123,2.123,2.123
R,2.123,2.123,2.123,3.207,2.122,2.123,2.123,3.0,1.658,1.917,2.123,1.92,2.123,2.123,2.123,2.123,2.123,2.123,2.123,2.123
S,2.123,2.123,2.123,2.95,2.041,2.123,2.123,1.327,1.298,2.221,2.123,3.648,2.123,2.123,2.123,2.123,2.7439999999999998,2.077,1.807,2.123
T,2.123,2.123,2.123,2.738,2.033,2.123,2.123,2.41,2.254,2.0380000000000003,2.123,3.392,2.123,2.123,2.123,2.7439999999999998,2.123,2.123,2.123,2.123
V,2.123,2.123,2.123,2.7439999999999998,1.991,2.123,2.123,1.998,1.182,2.121,2.123,1.482,2.123,2.123,2.123,2.077,2.123,2.123,2.123,2.123
W,2.123,2.123,2.123,2.175,2.109,2.123,2.123,2.016,0.776,2.085,2.123,1.52,2.123,2.123,2.123,1.807,2.123,2.123,2.123,2.123
Y,2.123,2.123,2.123,2.123,2.123,2.123,2.123,2.123,2.123,2.123,2.123,2.123,2.123,2.123,2.123,2.123,2.123,2.123,2.123,2.123
