,A,C,D,E,F,G,H,I,K,L,M,N,P,Q,R,S,T,V,W,Y
A,2.127,2.127,2.127,2.127,2.127,2.127,2.127,2.127,2.127,2.127,2.127,2.127,2.127,2.127,2.127,2.127,2.127,2.127,2.127,2.127
C,2.127,2.127,2.127,2.127,2.127,2.127,2.127,2.127,2.127,2.127,2.127,2.127,2.127,2.127,2.127,2.127,2.127,2.127,2.127,2.127
D,2.127,2.127,2.127,2.127,2.127,2.127,2.127,2.127,2.127,2.127,2.127,2.127,2.127,2.127,2.127,2.127,2.127,2.127,2.127,2.127
E,2.127,2.127,2.127,2.127,1.8519999999999999,1.159,2.543,2.276,1.7570000000000001,2.018,1.9929999999999999,2.9459999999999997,2.487,3.491,3.099,2.964,2.75,2.684,2.234,2.127
F,2.127,2.127,2.127,1.8519999999999999,2.127,2.1390000000000002,1.9180000000000001,2.151,2.149,2.05,2.016,2.113,2.206,2.107,2.1550000000000002,2.037,2.021,2.0300000000000002,2.093,2.127
G,2.127,2.127,2.127,1.159,2.1390000000000002,2.127,2.127,2.127,2.127,2.127,2.127,2.127,2.127,2.127,2.127,2.127,2.127,2.127,2.127,2.127
H,2.127,2.127,2.127,2.543,1.9180000000000001,2.127,2.127,2.127,2.127,2.127,2.127,2.127,2.127,2.127,2.127,2.127,2.127,2.127,2.127,2.127
I,2.127,2.127,2.127,2.276,2.151,2.127,2.127,2.127,1.319,1.6400000000000001,2.1020000000000003,1.937,1.034,1.7970000000000002,3.073,1.2690000000000001,2.295,2.02,2.15,2.127
K,2.127,2.127,2.127,1.7570000000000001,2.149,2.127,2.127,1.319,2.127,1.139,2.162,2.689,2.097,3.558,1.667,1.369,2.286,1.217,0.827,2.127
L,2.127,2.127,2.127,2.018,2.05,2.127,2.127,1.6400000000000001,1.139,2.127,2.122,2.048,1.931,2.248,1.847,2.309,2.06,2.1550000000000002,2.1100000000000003,2.127
M,2.127,2.127,2.127,1.9929999999999999,2.016,2.127,2.127,2.1020000000000003,2.162,2.122,2.127,2.127,2.127,2.127,2.127,2.127,2.127,2.127,2.127,2.127
N,2.127,2.127,2.127,2.9459999999999997,2.113,2.127,2.127,1.937,2.689,2.048,2.127,2.127,1.979,3.684,1.9260000000000002,3.618,3.359,1.455,1.567,2.127
P,2.127,2.127,2.127,2.487,2.206,2.127,2.127,1.034,2.097,1.931,2.127,1.979,2.127,2.127,2.127,2.127,2.127,2.127,2.127,2.127
Q,2.127,2.127,2.127,3.491,2.107,2.127,2.127,1.7970000000000002,3.558,2.248,2.127,3.684,2.127,2.127,2.127,2.127,2.127,2.127,2.127,2.127
R,2.127,2.127,2.127,3.099,2.1550000000000002,2.127,2.127,3.073,1.667,1.847,2.127,1.9260000000000002,2.127,2.127,2.127,2.127,2.127,2.127,2.127,2.127
S,2.127,2.127,2.127,2.964,2.037,2.127,2.127,1.2690000000000001,1.369,2.309,2.127,3.618,2.127,2.127,2.127,2.127,2.737,2.143,1.8679999999999999,2.127
T,2.127,2.127,2.127,2.75,2.021,2.127,2.127,2.295,2.286,2.06,2.127,3.359,2.127,2.127,2.127,2.737,2.127,2.127,2.127,2.127
V,2.127,2.127,2.127,2.684,2.0300000000000002,2.127,2.127,2.02,1.217,2.1550000000000002,2.127,1.455,2.127,2.127,2.127,2.143,2.127,2.127,2.127,2.127
W,2.127,2.127,2.127,2.234,2.093,2.127,2.127,2.15,0.827,2.1100000000000003,2.127,1.567,2.127,2.127,2.127,1.8679999999999999,2.127,2.127,2.127,2.127
Y,2.127,2.127,2.127,2.127,2.127,2.127,2.127,2.127,2.127,2.127,2.127,2.127,2.127,2.127,2.127,2.127,2.127,2.127,2.127,2.127
