,A,C,D,E,F,G,H,I,K,L,M,N,P,Q,R,S,T,V,W,Y
A,2.026,1.742,2.9779999999999998,2.2560000000000002,2.959,1.552,2.574,2.4210000000000003,2.7649999999999997,3.0,2.266,2.085,0.548,2.7800000000000002,3.134,1.6840000000000002,2.92,2.749,2.971,2.026
C,1.742,2.026,1.3599999999999999,1.413,2.06,1.229,1.645,0.22099999999999997,1.513,-0.03200000000000003,0.837,2.41,1.613,1.674,2.021,0.895,1.366,0.23199999999999998,1.678,2.026
D,2.9779999999999998,1.3599999999999999,2.026,3.758,1.843,3.032,2.8600000000000003,1.395,3.176,1.431,1.903,2.509,2.874,3.239,2.823,3.73,3.39,2.8600000000000003,1.749,2.026
E,2.2560000000000002,1.413,3.758,2.026,2.699,2.734,2.7569999999999997,2.6870000000000003,2.678,2.705,2.784,2.7640000000000002,2.795,1.486,2.752,2.792,2.76,2.745,2.726,2.026
F,2.959,2.06,1.843,2.699,2.026,1.803,1.651,3.082,2.676,3.19,2.673,2.093,1.3519999999999999,2.217,2.084,1.929,2.205,2.623,1.403,2.026
G,1.552,1.229,3.032,2.734,1.803,2.026,2.5069999999999997,2.303,2.5069999999999997,2.324,1.43,2.729,1.575,2.536,2.464,2.0229999999999997,2.489,0.972,1.546,2.026
H,2.574,1.645,2.8600000000000003,2.7569999999999997,1.651,2.5069999999999997,2.026,2.026,2.026,2.026,2.026,2.026,2.026,2.026,2.026,2.026,2.026,2.026,2.026,2.026
I,2.4210000000000003,0.22099999999999997,1.395,2.6870000000000003,3.082,2.303,2.026,2.026,2.364,1.7469999999999999,1.286,1.216,1.064,2.371,1.403,0.622,0.852,1.5150000000000001,1.221,2.026
K,2.7649999999999997,1.513,3.176,2.678,2.676,2.5069999999999997,2.026,2.364,2.026,1.6280000000000001,2.995,3.214,3.062,3.257,2.8810000000000002,3.14,3.013,2.81,2.75,2.026
L,3.0,-0.03200000000000003,1.431,2.705,3.19,2.324,2.026,1.7469999999999999,1.6280000000000001,2.026,0.6719999999999999,1.849,1.9260000000000002,1.241,2.159,1.754,1.088,1.338,2.535,2.026
M,2.266,0.837,1.903,2.784,2.673,1.43,2.026,1.286,2.995,0.6719999999999999,2.026,2.0549999999999997,2.51,0.957,1.292,1.674,1.73,1.291,2.561,2.026
N,2.085,2.41,2.509,2.7640000000000002,2.093,2.729,2.026,1.216,3.214,1.849,2.0549999999999997,2.026,3.433,3.55,3.82,3.336,3.647,2.404,2.6319999999999997,2.026
P,0.548,1.613,2.874,2.795,1.3519999999999999,1.575,2.026,1.064,3.062,1.9260000000000002,2.51,3.433,2.026,2.3609999999999998,2.572,2.4779999999999998,2.017,0.846,1.617,2.026
Q,2.7800000000000002,1.674,3.239,1.486,2.217,2.536,2.026,2.371,3.257,1.241,0.957,3.55,2.3609999999999998,2.026,3.077,2.723,2.98,0.5820000000000001,2.261,2.026
R,3.134,2.021,2.823,2.752,2.084,2.464,2.026,1.403,2.8810000000000002,2.159,1.292,3.82,2.572,3.077,2.026,1.8780000000000001,1.897,1.533,1.641,2.026
S,1.6840000000000002,0.895,3.73,2.792,1.929,2.0229999999999997,2.026,0.622,3.14,1.754,1.674,3.336,2.4779999999999998,2.723,1.8780000000000001,2.026,1.254,0.514,1.775,2.026
T,2.92,1.366,3.39,2.76,2.205,2.489,2.026,0.852,3.013,1.088,1.73,3.647,2.017,2.98,1.897,1.254,2.026,0.935,2.553,2.026
V,2.749,0.23199999999999998,2.8600000000000003,2.745,2.623,0.972,2.026,1.5150000000000001,2.81,1.338,1.291,2.404,0.846,0.5820000000000001,1.533,0.514,0.935,2.026,1.931,2.026
W,2.971,1.678,1.749,2.726,1.403,1.546,2.026,1.221,2.75,2.535,2.561,2.6319999999999997,1.617,2.261,1.641,1.775,2.553,1.931,2.026,2.026
Y,2.026,2.026,2.026,2.026,2.026,2.026,2.026,2.026,2.026,2.026,2.026,2.026,2.026,2.026,2.026,2.026,2.026,2.026,2.026,2.026
