,A,C,D,E,F,G,H,I,K,L,M,N,P,Q,R,S,T,V,W,Y
A,2.113,2.113,2.113,2.113,2.113,2.113,2.113,2.113,2.113,2.113,2.113,2.113,2.113,2.113,2.113,2.113,2.113,2.113,2.113,2.113
C,2.113,2.113,2.113,2.113,2.113,2.113,2.113,2.113,2.113,2.113,2.113,2.113,2.113,2.113,2.113,2.113,2.113,2.113,2.113,2.113
D,2.113,2.113,2.113,2.113,2.113,2.113,2.113,2.113,2.113,2.113,2.113,2.113,2.113,2.113,2.113,2.113,2.113,2.113,2.113,2.113
E,2.113,2.113,2.113,2.113,1.821,1.149,2.521,2.1559999999999997,1.733,1.991,1.984,2.9299999999999997,2.484,3.433,3.216,2.957,2.676,2.65,2.106,2.113
F,2.113,2.113,2.113,1.821,2.113,2.1479999999999997,1.919,2.1470000000000002,2.13,2.026,1.9929999999999999,2.082,2.183,2.083,2.127,2.0380000000000003,2.024,2.0060000000000002,2.077,2.113
G,2.113,2.113,2.113,1.149,2.1479999999999997,2.113,2.113,2.113,2.113,2.113,2.113,2.113,2.113,2.113,2.113,2.113,2.113,2.113,2.113,2.113
H,2.113,2.113,2.113,2.521,1.919,2.113,2.113,2.113,2.113,2.113,2.113,2.113,2.113,2.113,2.113,2.113,2.113,2.113,2.113,2.113
I,2.113,2.113,2.113,2.1559999999999997,2.1470000000000002,2.113,2.113,2.113,1.298,1.658,2.075,1.9060000000000001,1.022,1.859,3.037,1.263,2.3369999999999997,1.9969999999999999,2.073,2.113
K,2.113,2.113,2.113,1.733,2.13,2.113,2.113,1.298,2.113,1.164,2.117,2.701,2.124,3.484,1.728,1.3780000000000001,2.325,1.244,0.837,2.113
L,2.113,2.113,2.113,1.991,2.026,2.113,2.113,1.658,1.164,2.113,2.114,2.02,1.921,2.208,1.845,2.251,2.056,2.133,2.091,2.113
M,2.113,2.113,2.113,1.984,1.9929999999999999,2.113,2.113,2.075,2.117,2.114,2.113,2.113,2.113,2.113,2.113,2.113,2.113,2.113,2.113,2.113
N,2.113,2.113,2.113,2.9299999999999997,2.082,2.113,2.113,1.9060000000000001,2.701,2.02,2.113,2.113,1.862,3.504,1.932,3.672,3.423,1.437,1.476,2.113
P,2.113,2.113,2.113,2.484,2.183,2.113,2.113,1.022,2.124,1.921,2.113,1.862,2.113,2.113,2.113,2.113,2.113,2.113,2.113,2.113
Q,2.113,2.113,2.113,3.433,2.083,2.113,2.113,1.859,3.484,2.208,2.113,3.504,2.113,2.113,2.113,2.113,2.113,2.113,2.113,2.113
R,2.113,2.113,2.113,3.216,2.127,2.113,2.113,3.037,1.728,1.845,2.113,1.932,2.113,2.113,2.113,2.113,2.113,2.113,2.113,2.113
S,2.113,2.113,2.113,2.957,2.0380000000000003,2.113,2.113,1.263,1.3780000000000001,2.251,2.113,3.672,2.113,2.113,2.113,2.113,2.681,2.117,1.847,2.113
T,2.113,2.113,2.113,2.676,2.024,2.113,2.113,2.3369999999999997,2.325,2.056,2.113,3.423,2.113,2.113,2.113,2.681,2.113,2.113,2.113,2.113
V,2.113,2.113,2.113,2.65,2.0060000000000002,2.113,2.113,1.9969999999999999,1.244,2.133,2.113,1.437,2.113,2.113,2.113,2.117,2.113,2.113,2.113,2.113
W,2.113,2.113,2.113,2.106,2.077,2.113,2.113,2.073,0.837,2.091,2.113,1.476,2.113,2.113,2.113,1.847,2.113,2.113,2.113,2.113
Y,2.113,2.113,2.113,2.113,2.113,2.113,2.113,2.113,2.113,2.113,2.113,2.113,2.113,2.113,2.113,2.113,2.113,2.113,2.113,2.113
