,A,C,D,E,F,G,H,I,K,L,M,N,P,Q,R,S,T,V,W,Y
A,2.024,1.4849999999999999,2.403,1.908,3.083,1.316,2.177,2.009,2.9379999999999997,3.119,1.958,1.778,0.854,2.4379999999999997,3.267,1.53,2.597,2.386,3.085,2.024
C,1.4849999999999999,2.024,1.447,1.495,2.134,1.298,1.7349999999999999,0.31599999999999995,1.596,0.05900000000000005,0.927,2.468,1.705,1.758,2.106,0.991,1.458,0.32699999999999996,1.751,2.024
D,2.403,1.447,2.024,3.642,1.8719999999999999,3.047,2.856,1.408,3.169,1.453,1.937,2.41,2.879,3.24,2.8369999999999997,3.703,3.388,2.877,1.771,2.024
E,1.908,1.495,3.642,2.024,2.724,2.751,2.7359999999999998,2.707,2.646,2.737,2.786,2.7430000000000003,2.7969999999999997,1.534,2.7359999999999998,2.7560000000000002,2.7560000000000002,2.762,2.7359999999999998,2.024
F,3.083,2.134,1.8719999999999999,2.724,2.024,1.842,1.6840000000000002,3.111,2.708,3.205,2.702,2.1319999999999997,1.393,2.249,2.1189999999999998,1.968,2.242,2.654,1.456,2.024
G,1.316,1.298,3.047,2.751,1.842,2.024,2.505,2.303,2.5220000000000002,2.3360000000000003,1.478,2.732,1.6280000000000001,2.54,2.471,2.0620000000000003,2.512,1.027,1.596,2.024
H,2.177,1.7349999999999999,2.856,2.7359999999999998,1.6840000000000002,2.505,2.024,2.024,2.024,2.024,2.024,2.024,2.024,2.024,2.024,2.024,2.024,2.024,2.024,2.024
I,2.009,0.31599999999999995,1.408,2.707,3.111,2.303,2.024,2.024,2.424,1.815,1.353,1.246,1.093,2.4219999999999997,1.439,0.653,0.903,1.561,1.2429999999999999,2.024
K,2.9379999999999997,1.596,3.169,2.646,2.708,2.5220000000000002,2.024,2.424,2.024,1.6520000000000001,3.02,3.228,3.088,3.247,2.862,3.162,3.033,2.848,2.782,2.024
L,3.119,0.05900000000000005,1.453,2.737,3.205,2.3360000000000003,2.024,1.815,1.6520000000000001,2.024,0.56,1.843,1.925,1.188,2.146,1.76,1.029,1.304,2.529,2.024
M,1.958,0.927,1.937,2.786,2.702,1.478,2.024,1.353,3.02,0.56,2.024,1.81,2.56,1.141,1.504,1.771,1.8719999999999999,1.5110000000000001,2.638,2.024
N,1.778,2.468,2.41,2.7430000000000003,2.1319999999999997,2.732,2.024,1.246,3.228,1.843,1.81,2.024,3.409,3.478,3.788,3.268,3.59,2.401,2.652,2.024
P,0.854,1.705,2.879,2.7969999999999997,1.393,1.6280000000000001,2.024,1.093,3.088,1.925,2.56,3.409,2.024,2.419,2.266,2.137,2.0789999999999997,0.922,1.669,2.024
Q,2.4379999999999997,1.758,3.24,1.534,2.249,2.54,2.024,2.4219999999999997,3.247,1.188,1.141,3.478,2.419,2.024,3.176,2.709,2.9770000000000003,0.635,2.249,2.024
R,3.267,2.106,2.8369999999999997,2.7359999999999998,2.1189999999999998,2.471,2.024,1.439,2.862,2.146,1.504,3.788,2.266,3.176,2.024,1.9180000000000001,1.9300000000000002,1.605,1.693,2.024
S,1.53,0.991,3.703,2.7560000000000002,1.968,2.0620000000000003,2.024,0.653,3.162,1.76,1.771,3.268,2.137,2.709,1.9180000000000001,2.024,1.322,0.571,1.8679999999999999,2.024
T,2.597,1.458,3.388,2.7560000000000002,2.242,2.512,2.024,0.903,3.033,1.029,1.8719999999999999,3.59,2.0789999999999997,2.9770000000000003,1.9300000000000002,1.322,2.024,0.745,2.4459999999999997,2.024
V,2.386,0.32699999999999996,2.877,2.762,2.654,1.027,2.024,1.561,2.848,1.304,1.5110000000000001,2.401,0.922,0.635,1.605,0.571,0.745,2.024,1.752,2.024
W,3.085,1.751,1.771,2.7359999999999998,1.456,1.596,2.024,1.2429999999999999,2.782,2.529,2.638,2.652,1.669,2.249,1.693,1.8679999999999999,2.4459999999999997,1.752,2.024,2.024
Y,2.024,2.024,2.024,2.024,2.024,2.024,2.024,2.024,2.024,2.024,2.024,2.024,2.024,2.024,2.024,2.024,2.024,2.024,2.024,2.024
