,A,C,D,E,F,G,H,I,K,L,M,N,P,Q,R,S,T,V,W,Y
A,2.4530000000000003,2.4530000000000003,2.4530000000000003,2.4530000000000003,2.4530000000000003,2.4530000000000003,2.4530000000000003,2.4530000000000003,2.4530000000000003,2.4530000000000003,2.4530000000000003,2.4530000000000003,2.4530000000000003,2.4530000000000003,2.4530000000000003,2.4530000000000003,2.4530000000000003,2.4530000000000003,2.4530000000000003,2.4530000000000003
C,2.4530000000000003,2.4530000000000003,2.4530000000000003,2.4530000000000003,2.4530000000000003,2.4530000000000003,2.4530000000000003,2.4530000000000003,2.4530000000000003,2.4530000000000003,2.4530000000000003,2.4530000000000003,2.4530000000000003,2.4530000000000003,2.4530000000000003,2.4530000000000003,2.4530000000000003,2.4530000000000003,2.4530000000000003,2.4530000000000003
D,2.4530000000000003,2.4530000000000003,2.4530000000000003,3.528,1.751,3.303,2.708,1.537,3.444,1.518,1.786,3.244,3.283,2.857,3.234,3.56,3.318,2.917,1.7149999999999999,2.4530000000000003
E,2.4530000000000003,2.4530000000000003,3.528,2.4530000000000003,2.4530000000000003,2.4530000000000003,2.4530000000000003,2.4530000000000003,2.4530000000000003,2.4530000000000003,2.4530000000000003,2.4530000000000003,2.4530000000000003,2.4530000000000003,2.4530000000000003,2.4530000000000003,2.4530000000000003,2.4530000000000003,2.4530000000000003,2.4530000000000003
F,2.4530000000000003,2.4530000000000003,1.751,2.4530000000000003,2.4530000000000003,2.4530000000000003,2.4530000000000003,2.4530000000000003,2.4530000000000003,2.4530000000000003,2.4530000000000003,2.4530000000000003,2.4530000000000003,2.4530000000000003,2.4530000000000003,2.4530000000000003,2.4530000000000003,2.4530000000000003,2.4530000000000003,2.4530000000000003
G,2.4530000000000003,2.4530000000000003,3.303,2.4530000000000003,2.4530000000000003,2.4530000000000003,2.4530000000000003,2.4530000000000003,2.4530000000000003,2.4530000000000003,2.4530000000000003,2.4530000000000003,2.4530000000000003,2.4530000000000003,2.4530000000000003,2.4530000000000003,2.4530000000000003,2.4530000000000003,2.4530000000000003,2.4530000000000003
H,2.4530000000000003,2.4530000000000003,2.708,2.4530000000000003,2.4530000000000003,2.4530000000000003,2.4530000000000003,2.4530000000000003,2.4530000000000003,2.4530000000000003,2.4530000000000003,2.4530000000000003,2.4530000000000003,2.4530000000000003,2.4530000000000003,2.4530000000000003,2.4530000000000003,2.4530000000000003,2.4530000000000003,2.4530000000000003
I,2.4530000000000003,2.4530000000000003,1.537,2.4530000000000003,2.4530000000000003,2.4530000000000003,2.4530000000000003,2.4530000000000003,2.4530000000000003,2.4530000000000003,2.4530000000000003,2.4530000000000003,2.4530000000000003,2.4530000000000003,2.4530000000000003,2.4530000000000003,2.4530000000000003,2.4530000000000003,2.4530000000000003,2.4530000000000003
K,2.4530000000000003,2.4530000000000003,3.444,2.4530000000000003,2.4530000000000003,2.4530000000000003,2.4530000000000003,2.4530000000000003,2.4530000000000003,2.4530000000000003,2.4530000000000003,2.4530000000000003,2.4530000000000003,2.4530000000000003,2.4530000000000003,2.4530000000000003,2.4530000000000003,2.4530000000000003,2.4530000000000003,2.4530000000000003
L,2.4530000000000003,2.4530000000000003,1.518,2.4530000000000003,2.4530000000000003,2.4530000000000003,2.4530000000000003,2.4530000000000003,2.4530000000000003,2.4530000000000003,1.972,3.241,3.267,1.9220000000000002,3.328,3.305,1.486,1.9529999999999998,3.614,2.4530000000000003
M,2.4530000000000003,2.4530000000000003,1.786,2.4530000000000003,2.4530000000000003,2.4530000000000003,2.4530000000000003,2.4530000000000003,2.4530000000000003,1.972,2.4530000000000003,2.916,3.352,1.533,0.581,2.3600000000000003,2.69,2.002,2.832,2.4530000000000003
N,2.4530000000000003,2.4530000000000003,3.244,2.4530000000000003,2.4530000000000003,2.4530000000000003,2.4530000000000003,2.4530000000000003,2.4530000000000003,3.241,2.916,2.4530000000000003,3.015,3.455,3.302,3.622,3.414,2.787,2.907,2.4530000000000003
P,2.4530000000000003,2.4530000000000003,3.283,2.4530000000000003,2.4530000000000003,2.4530000000000003,2.4530000000000003,2.4530000000000003,2.4530000000000003,3.267,3.352,3.015,2.4530000000000003,3.223,3.11,3.295,3.167,0.627,3.004,2.4530000000000003
Q,2.4530000000000003,2.4530000000000003,2.857,2.4530000000000003,2.4530000000000003,2.4530000000000003,2.4530000000000003,2.4530000000000003,2.4530000000000003,1.9220000000000002,1.533,3.455,3.223,2.4530000000000003,1.947,3.323,3.776,0.371,2.509,2.4530000000000003
R,2.4530000000000003,2.4530000000000003,3.234,2.4530000000000003,2.4530000000000003,2.4530000000000003,2.4530000000000003,2.4530000000000003,2.4530000000000003,3.328,0.581,3.302,3.11,1.947,2.4530000000000003,2.4530000000000003,2.4530000000000003,2.4530000000000003,2.4530000000000003,2.4530000000000003
S,2.4530000000000003,2.4530000000000003,3.56,2.4530000000000003,2.4530000000000003,2.4530000000000003,2.4530000000000003,2.4530000000000003,2.4530000000000003,3.305,2.3600000000000003,3.622,3.295,3.323,2.4530000000000003,2.4530000000000003,2.4530000000000003,2.4530000000000003,2.4530000000000003,2.4530000000000003
T,2.4530000000000003,2.4530000000000003,3.318,2.4530000000000003,2.4530000000000003,2.4530000000000003,2.4530000000000003,2.4530000000000003,2.4530000000000003,1.486,2.69,3.414,3.167,3.776,2.4530000000000003,2.4530000000000003,2.4530000000000003,0.487,3.556,2.4530000000000003
V,2.4530000000000003,2.4530000000000003,2.917,2.4530000000000003,2.4530000000000003,2.4530000000000003,2.4530000000000003,2.4530000000000003,2.4530000000000003,1.9529999999999998,2.002,2.787,0.627,0.371,2.4530000000000003,2.4530000000000003,0.487,2.4530000000000003,2.4530000000000003,2.4530000000000003
W,2.4530000000000003,2.4530000000000003,1.7149999999999999,2.4530000000000003,2.4530000000000003,2.4530000000000003,2.4530000000000003,2.4530000000000003,2.4530000000000003,3.614,2.832,2.907,3.004,2.509,2.4530000000000003,2.4530000000000003,3.556,2.4530000000000003,2.4530000000000003,2.4530000000000003
Y,2.4530000000000003,2.4530000000000003,2.4530000000000003,2.4530000000000003,2.4530000000000003,2.4530000000000003,2.4530000000000003,2.4530000000000003,2.4530000000000003,2.4530000000000003,2.4530000000000003,2.4530000000000003,2.4530000000000003,2.4530000000000003,2.4530000000000003,2.4530000000000003,2.4530000000000003,2.4530000000000003,2.4530000000000003,2.4530000000000003
