,A,C,D,E,F,G,H,I,K,L,M,N,P,Q,R,S,T,V,W,Y
A,1.9060000000000001,1.097,1.865,2.151,2.9779999999999998,0.778,2.083,1.9340000000000002,3.192,2.9699999999999998,2.185,1.454,1.476,2.307,3.137,0.896,2.427,2.295,2.975,1.9060000000000001
C,1.097,1.9060000000000001,1.9060000000000001,1.9060000000000001,1.9060000000000001,1.9060000000000001,1.9060000000000001,1.9060000000000001,1.9060000000000001,1.9060000000000001,1.9060000000000001,1.9060000000000001,1.9060000000000001,1.9060000000000001,1.9060000000000001,1.9060000000000001,1.9060000000000001,1.9060000000000001,1.9060000000000001,1.9060000000000001
D,1.865,1.9060000000000001,1.9060000000000001,1.9060000000000001,1.9060000000000001,1.9060000000000001,1.9060000000000001,1.9060000000000001,1.9060000000000001,1.9060000000000001,1.9060000000000001,1.9060000000000001,1.9060000000000001,1.9060000000000001,1.9060000000000001,1.9060000000000001,1.9060000000000001,1.9060000000000001,1.9060000000000001,1.9060000000000001
E,2.151,1.9060000000000001,1.9060000000000001,1.9060000000000001,1.9060000000000001,1.9060000000000001,1.9060000000000001,1.9060000000000001,1.9060000000000001,1.9060000000000001,1.9060000000000001,1.9060000000000001,1.9060000000000001,1.9060000000000001,1.9060000000000001,1.9060000000000001,1.9060000000000001,1.9060000000000001,1.9060000000000001,1.9060000000000001
F,2.9779999999999998,1.9060000000000001,1.9060000000000001,1.9060000000000001,1.9060000000000001,1.9060000000000001,1.9060000000000001,1.9060000000000001,1.9060000000000001,1.9060000000000001,1.9060000000000001,1.9060000000000001,1.9060000000000001,1.9060000000000001,1.9060000000000001,1.9060000000000001,1.9060000000000001,1.9060000000000001,1.9060000000000001,1.9060000000000001
G,0.778,1.9060000000000001,1.9060000000000001,1.9060000000000001,1.9060000000000001,1.9060000000000001,1.9060000000000001,1.9060000000000001,1.9060000000000001,1.9060000000000001,1.9060000000000001,1.9060000000000001,1.9060000000000001,1.9060000000000001,1.9060000000000001,1.9060000000000001,1.9060000000000001,1.9060000000000001,1.9060000000000001,1.9060000000000001
H,2.083,1.9060000000000001,1.9060000000000001,1.9060000000000001,1.9060000000000001,1.9060000000000001,1.9060000000000001,1.9060000000000001,1.9060000000000001,1.9060000000000001,1.9060000000000001,1.9060000000000001,1.9060000000000001,1.9060000000000001,1.9060000000000001,1.9060000000000001,1.9060000000000001,1.9060000000000001,1.9060000000000001,1.9060000000000001
I,1.9340000000000002,1.9060000000000001,1.9060000000000001,1.9060000000000001,1.9060000000000001,1.9060000000000001,1.9060000000000001,1.9060000000000001,1.9060000000000001,1.9060000000000001,1.9060000000000001,1.9060000000000001,1.9060000000000001,1.9060000000000001,1.9060000000000001,1.9060000000000001,1.9060000000000001,1.9060000000000001,1.9060000000000001,1.9060000000000001
K,3.192,1.9060000000000001,1.9060000000000001,1.9060000000000001,1.9060000000000001,1.9060000000000001,1.9060000000000001,1.9060000000000001,1.9060000000000001,1.9060000000000001,1.9060000000000001,1.9060000000000001,1.9060000000000001,1.9060000000000001,1.9060000000000001,1.9060000000000001,1.9060000000000001,1.9060000000000001,1.9060000000000001,1.9060000000000001
L,2.9699999999999998,1.9060000000000001,1.9060000000000001,1.9060000000000001,1.9060000000000001,1.9060000000000001,1.9060000000000001,1.9060000000000001,1.9060000000000001,1.9060000000000001,1.712,1.7610000000000001,1.766,1.5070000000000001,2.451,1.988,1.403,1.642,1.8159999999999998,1.9060000000000001
M,2.185,1.9060000000000001,1.9060000000000001,1.9060000000000001,1.9060000000000001,1.9060000000000001,1.9060000000000001,1.9060000000000001,1.9060000000000001,1.712,1.9060000000000001,1.283,1.849,3.077,2.875,1.717,3.018,3.215,2.0629999999999997,1.9060000000000001
N,1.454,1.9060000000000001,1.9060000000000001,1.9060000000000001,1.9060000000000001,1.9060000000000001,1.9060000000000001,1.9060000000000001,1.9060000000000001,1.7610000000000001,1.283,1.9060000000000001,1.692,1.737,1.911,1.8900000000000001,1.6949999999999998,1.457,1.933,1.9060000000000001
P,1.476,1.9060000000000001,1.9060000000000001,1.9060000000000001,1.9060000000000001,1.9060000000000001,1.9060000000000001,1.9060000000000001,1.9060000000000001,1.766,1.849,1.692,1.9060000000000001,2.495,2.79,1.272,2.1559999999999997,2.042,2.057,1.9060000000000001
Q,2.307,1.9060000000000001,1.9060000000000001,1.9060000000000001,1.9060000000000001,1.9060000000000001,1.9060000000000001,1.9060000000000001,1.9060000000000001,1.5070000000000001,3.077,1.737,2.495,1.9060000000000001,1.9060000000000001,1.9060000000000001,1.9060000000000001,1.9060000000000001,1.9060000000000001,1.9060000000000001
R,3.137,1.9060000000000001,1.9060000000000001,1.9060000000000001,1.9060000000000001,1.9060000000000001,1.9060000000000001,1.9060000000000001,1.9060000000000001,2.451,2.875,1.911,2.79,1.9060000000000001,1.9060000000000001,1.9060000000000001,1.9060000000000001,1.9060000000000001,1.9060000000000001,1.9060000000000001
S,0.896,1.9060000000000001,1.9060000000000001,1.9060000000000001,1.9060000000000001,1.9060000000000001,1.9060000000000001,1.9060000000000001,1.9060000000000001,1.988,1.717,1.8900000000000001,1.272,1.9060000000000001,1.9060000000000001,1.9060000000000001,1.9060000000000001,1.9060000000000001,1.9060000000000001,1.9060000000000001
T,2.427,1.9060000000000001,1.9060000000000001,1.9060000000000001,1.9060000000000001,1.9060000000000001,1.9060000000000001,1.9060000000000001,1.9060000000000001,1.403,3.018,1.6949999999999998,2.1559999999999997,1.9060000000000001,1.9060000000000001,1.9060000000000001,1.9060000000000001,1.215,0.632,1.9060000000000001
V,2.295,1.9060000000000001,1.9060000000000001,1.9060000000000001,1.9060000000000001,1.9060000000000001,1.9060000000000001,1.9060000000000001,1.9060000000000001,1.642,3.215,1.457,2.042,1.9060000000000001,1.9060000000000001,1.9060000000000001,1.215,1.9060000000000001,2.7190000000000003,1.9060000000000001
W,2.975,1.9060000000000001,1.9060000000000001,1.9060000000000001,1.9060000000000001,1.9060000000000001,1.9060000000000001,1.9060000000000001,1.9060000000000001,1.8159999999999998,2.0629999999999997,1.933,2.057,1.9060000000000001,1.9060000000000001,1.9060000000000001,0.632,2.7190000000000003,1.9060000000000001,1.9060000000000001
Y,1.9060000000000001,1.9060000000000001,1.9060000000000001,1.9060000000000001,1.9060000000000001,1.9060000000000001,1.9060000000000001,1.9060000000000001,1.9060000000000001,1.9060000000000001,1.9060000000000001,1.9060000000000001,1.9060000000000001,1.9060000000000001,1.9060000000000001,1.9060000000000001,1.9060000000000001,1.9060000000000001,1.9060000000000001,1.9060000000000001
