,A,C,D,E,F,G,H,I,K,L,M,N,P,Q,R,S,T,V,W,Y
A,2.019,1.421,2.367,1.861,3.056,1.2530000000000001,2.125,1.956,2.909,3.094,1.897,1.71,0.781,2.3819999999999997,3.24,1.449,2.5460000000000003,2.332,3.068,2.019
C,1.421,2.019,1.73,1.808,2.35,1.455,2.0069999999999997,0.5469999999999999,1.892,0.28200000000000003,1.171,2.866,1.9849999999999999,2.0380000000000003,2.7,1.216,1.4689999999999999,0.563,2.005,2.019
D,2.367,1.73,2.019,3.737,1.819,3.0,2.832,1.365,3.148,1.404,1.879,2.456,2.842,3.227,2.7969999999999997,3.712,3.371,2.864,1.729,2.019
E,1.861,1.808,3.737,2.019,2.722,2.737,2.717,2.7119999999999997,2.629,2.738,2.7729999999999997,2.7279999999999998,2.779,1.5270000000000001,2.716,2.74,2.733,2.752,2.738,2.019
F,3.056,2.35,1.819,2.722,2.019,1.764,1.6019999999999999,3.07,2.63,3.146,2.622,2.061,1.319,2.157,2.041,1.873,2.168,2.588,1.3519999999999999,2.019
G,1.2530000000000001,1.455,3.0,2.737,1.764,2.019,2.492,2.303,2.509,2.316,1.413,2.7110000000000003,1.56,2.524,2.458,2.0060000000000002,2.49,0.958,1.52,2.019
H,2.125,2.0069999999999997,2.832,2.717,1.6019999999999999,2.492,2.019,2.019,2.019,2.019,2.019,2.019,2.019,2.019,2.019,2.019,2.019,2.019,2.019,2.019
I,1.956,0.5469999999999999,1.365,2.7119999999999997,3.07,2.303,2.019,2.019,3.072,1.8980000000000001,1.2530000000000001,1.308,1.163,3.096,1.2690000000000001,0.614,0.627,1.454,1.416,2.019
K,2.909,1.892,3.148,2.629,2.63,2.509,2.019,3.072,2.019,1.608,2.984,3.206,3.063,3.24,2.858,3.139,3.015,2.819,2.754,2.019
L,3.094,0.28200000000000003,1.404,2.738,3.146,2.316,2.019,1.8980000000000001,1.608,2.019,0.62,1.866,2.08,1.26,2.276,1.838,1.067,1.319,2.646,2.019
M,1.897,1.171,1.879,2.7729999999999997,2.622,1.413,2.019,1.2530000000000001,2.984,0.62,2.019,1.7429999999999999,2.5060000000000002,1.304,1.616,1.697,2.061,1.561,2.58,2.019
N,1.71,2.866,2.456,2.7279999999999998,2.061,2.7110000000000003,2.019,1.308,3.206,1.866,1.7429999999999999,2.019,3.369,3.503,3.778,3.315,3.587,2.3449999999999998,2.608,2.019
P,0.781,1.9849999999999999,2.842,2.779,1.319,1.56,2.019,1.163,3.063,2.08,2.5060000000000002,3.369,2.019,2.351,2.1879999999999997,2.09,2.011,0.899,1.605,2.019
Q,2.3819999999999997,2.0380000000000003,3.227,1.5270000000000001,2.157,2.524,2.019,3.096,3.24,1.26,1.304,3.503,2.351,2.019,2.899,2.8209999999999997,2.901,0.526,2.15,2.019
R,3.24,2.7,2.7969999999999997,2.716,2.041,2.458,2.019,1.2690000000000001,2.858,2.276,1.616,3.778,2.1879999999999997,2.899,2.019,1.826,1.854,1.505,1.6019999999999999,2.019
S,1.449,1.216,3.712,2.74,1.873,2.0060000000000002,2.019,0.614,3.139,1.838,1.697,3.315,2.09,2.8209999999999997,1.826,2.019,1.284,0.511,1.8519999999999999,2.019
T,2.5460000000000003,1.4689999999999999,3.371,2.733,2.168,2.49,2.019,0.627,3.015,1.067,2.061,3.587,2.011,2.901,1.854,1.284,2.019,0.78,2.746,2.019
V,2.332,0.563,2.864,2.752,2.588,0.958,2.019,1.454,2.819,1.319,1.561,2.3449999999999998,0.899,0.526,1.505,0.511,0.78,2.019,1.6280000000000001,2.019
W,3.068,2.005,1.729,2.738,1.3519999999999999,1.52,2.019,1.416,2.754,2.646,2.58,2.608,1.605,2.15,1.6019999999999999,1.8519999999999999,2.746,1.6280000000000001,2.019,2.019
Y,2.019,2.019,2.019,2.019,2.019,2.019,2.019,2.019,2.019,2.019,2.019,2.019,2.019,2.019,2.019,2.019,2.019,2.019,2.019,2.019
