,A,C,D,E,F,G,H,I,K,L,M,N,P,Q,R,S,T,V,W,Y
A,2.027,1.442,2.371,1.841,3.077,1.244,2.144,1.97,2.915,3.111,1.916,1.732,0.77,2.3979999999999997,3.258,1.4889999999999999,2.5700000000000003,2.346,3.077,2.027
C,1.442,2.027,1.38,1.434,2.075,1.2389999999999999,1.6680000000000001,0.238,1.537,-0.020000000000000018,0.843,2.4299999999999997,1.637,1.7,2.052,0.905,1.38,0.245,1.698,2.027
D,2.371,1.38,2.027,3.76,1.897,3.07,2.9219999999999997,1.434,3.213,1.471,1.962,2.5229999999999997,2.912,3.311,2.863,3.776,3.438,2.895,1.807,2.027
E,1.841,1.434,3.76,2.027,2.73,2.747,2.745,2.7199999999999998,2.646,2.74,2.794,2.7359999999999998,2.79,1.522,2.731,2.75,2.745,2.7649999999999997,2.749,2.027
F,3.077,2.075,1.897,2.73,2.027,2.082,1.846,2.959,3.063,3.262,2.879,2.357,1.45,2.569,1.95,2.075,2.4290000000000003,2.481,1.569,2.027
G,1.244,1.2389999999999999,3.07,2.747,2.082,2.027,2.379,2.247,2.388,2.25,1.292,2.545,1.436,2.404,2.3520000000000003,1.842,2.3810000000000002,0.748,2.346,2.027
H,2.144,1.6680000000000001,2.9219999999999997,2.745,1.846,2.379,2.027,2.027,2.027,2.027,2.027,2.027,2.027,2.027,2.027,2.027,2.027,2.027,2.027,2.027
I,1.97,0.238,1.434,2.7199999999999998,2.959,2.247,2.027,2.027,2.356,1.726,1.2690000000000001,1.185,1.032,2.3600000000000003,1.3780000000000001,0.602,0.834,1.504,1.176,2.027
K,2.915,1.537,3.213,2.646,3.063,2.388,2.027,2.356,2.027,1.593,3.02,3.231,3.093,3.251,2.866,3.165,3.049,2.854,2.787,2.027
L,3.111,-0.020000000000000018,1.471,2.74,3.262,2.25,2.027,1.726,1.593,2.027,0.698,1.877,1.8359999999999999,1.234,2.183,1.802,1.081,1.301,2.42,2.027
M,1.916,0.843,1.962,2.794,2.879,1.292,2.027,1.2690000000000001,3.02,0.698,2.027,1.791,2.5389999999999997,1.165,1.429,1.749,1.863,1.534,2.621,2.027
N,1.732,2.4299999999999997,2.5229999999999997,2.7359999999999998,2.357,2.545,2.027,1.185,3.231,1.877,1.791,2.027,3.428,3.543,3.823,3.364,3.637,2.391,2.6479999999999997,2.027
P,0.77,1.637,2.912,2.79,1.45,1.436,2.027,1.032,3.093,1.8359999999999999,2.5389999999999997,3.428,2.027,2.3819999999999997,2.23,2.122,2.362,1.101,1.637,2.027
Q,2.3979999999999997,1.7,3.311,1.522,2.569,2.404,2.027,2.3600000000000003,3.251,1.234,1.165,3.543,2.3819999999999997,2.027,3.048,2.791,3.063,0.569,2.302,2.027
R,3.258,2.052,2.863,2.731,1.95,2.3520000000000003,2.027,1.3780000000000001,2.866,2.183,1.429,3.823,2.23,3.048,2.027,1.862,1.897,1.55,1.646,2.027
S,1.4889999999999999,0.905,3.776,2.75,2.075,1.842,2.027,0.602,3.165,1.802,1.749,3.364,2.122,2.791,1.862,2.027,1.3,0.509,1.853,2.027
T,2.5700000000000003,1.38,3.438,2.745,2.4290000000000003,2.3810000000000002,2.027,0.834,3.049,1.081,1.863,3.637,2.362,3.063,1.897,1.3,2.027,0.795,2.4859999999999998,2.027
V,2.346,0.245,2.895,2.7649999999999997,2.481,0.748,2.027,1.504,2.854,1.301,1.534,2.391,1.101,0.569,1.55,0.509,0.795,2.027,1.796,2.027
W,3.077,1.698,1.807,2.749,1.569,2.346,2.027,1.176,2.787,2.42,2.621,2.6479999999999997,1.637,2.302,1.646,1.853,2.4859999999999998,1.796,2.027,2.027
Y,2.027,2.027,2.027,2.027,2.027,2.027,2.027,2.027,2.027,2.027,2.027,2.027,2.027,2.027,2.027,2.027,2.027,2.027,2.027,2.027
