,A,C,D,E,F,G,H,I,K,L,M,N,P,Q,R,S,T,V,W,Y
A,2.107,2.107,2.107,2.107,2.107,2.107,2.107,2.107,2.107,2.107,2.107,2.107,2.107,2.107,2.107,2.107,2.107,2.107,2.107,2.107
C,2.107,2.107,2.107,2.107,2.107,2.107,2.107,2.107,2.107,2.107,2.107,2.107,2.107,2.107,2.107,2.107,2.107,2.107,2.107,2.107
D,2.107,2.107,2.107,2.107,2.107,2.107,2.107,2.107,2.107,2.107,2.107,2.107,2.107,2.107,2.107,2.107,2.107,2.107,2.107,2.107
E,2.107,2.107,2.107,2.107,1.774,1.171,2.466,2.194,1.754,1.947,1.956,2.958,2.455,3.409,3.164,2.9050000000000002,2.598,2.683,2.142,2.107
F,2.107,2.107,2.107,1.774,2.107,2.136,1.924,2.1310000000000002,2.114,2.0229999999999997,1.991,2.081,2.178,2.072,2.126,2.033,2.019,2.002,2.076,2.107
G,2.107,2.107,2.107,1.171,2.136,2.107,2.107,2.107,2.107,2.107,2.107,2.107,2.107,2.107,2.107,2.107,2.107,2.107,2.107,2.107
H,2.107,2.107,2.107,2.466,1.924,2.107,2.107,2.107,2.107,2.107,2.107,2.107,2.107,2.107,2.107,2.107,2.107,2.107,2.107,2.107
I,2.107,2.107,2.107,2.194,2.1310000000000002,2.107,2.107,2.107,1.316,1.67,2.075,1.923,1.042,1.8599999999999999,2.948,1.278,2.3289999999999997,1.9969999999999999,2.0780000000000003,2.107
K,2.107,2.107,2.107,1.754,2.114,2.107,2.107,1.316,2.107,1.2,2.167,2.725,2.074,3.334,1.748,1.417,2.2800000000000002,1.28,0.874,2.107
L,2.107,2.107,2.107,1.947,2.0229999999999997,2.107,2.107,1.67,1.2,2.107,2.112,2.016,1.9220000000000002,2.189,1.858,2.248,2.04,2.1109999999999998,2.088,2.107
M,2.107,2.107,2.107,1.956,1.991,2.107,2.107,2.075,2.167,2.112,2.107,2.107,2.107,2.107,2.107,2.107,2.107,2.107,2.107,2.107
N,2.107,2.107,2.107,2.958,2.081,2.107,2.107,1.923,2.725,2.016,2.107,2.107,1.8639999999999999,3.497,1.932,3.655,3.414,1.44,1.4769999999999999,2.107
P,2.107,2.107,2.107,2.455,2.178,2.107,2.107,1.042,2.074,1.9220000000000002,2.107,1.8639999999999999,2.107,2.107,2.107,2.107,2.107,2.107,2.107,2.107
Q,2.107,2.107,2.107,3.409,2.072,2.107,2.107,1.8599999999999999,3.334,2.189,2.107,3.497,2.107,2.107,2.107,2.107,2.107,2.107,2.107,2.107
R,2.107,2.107,2.107,3.164,2.126,2.107,2.107,2.948,1.748,1.858,2.107,1.932,2.107,2.107,2.107,2.107,2.107,2.107,2.107,2.107
S,2.107,2.107,2.107,2.9050000000000002,2.033,2.107,2.107,1.278,1.417,2.248,2.107,3.655,2.107,2.107,2.107,2.107,2.661,2.115,1.838,2.107
T,2.107,2.107,2.107,2.598,2.019,2.107,2.107,2.3289999999999997,2.2800000000000002,2.04,2.107,3.414,2.107,2.107,2.107,2.661,2.107,2.107,2.107,2.107
V,2.107,2.107,2.107,2.683,2.002,2.107,2.107,1.9969999999999999,1.28,2.1109999999999998,2.107,1.44,2.107,2.107,2.107,2.115,2.107,2.107,2.107,2.107
W,2.107,2.107,2.107,2.142,2.076,2.107,2.107,2.0780000000000003,0.874,2.088,2.107,1.4769999999999999,2.107,2.107,2.107,1.838,2.107,2.107,2.107,2.107
Y,2.107,2.107,2.107,2.107,2.107,2.107,2.107,2.107,2.107,2.107,2.107,2.107,2.107,2.107,2.107,2.107,2.107,2.107,2.107,2.107
