,A,C,D,E,F,G,H,I,K,L,M,N,P,Q,R,S,T,V,W,Y
A,2.7880000000000003,2.7880000000000003,3.386,2.7880000000000003,1.912,2.7880000000000003,2.7880000000000003,3.029,2.7880000000000003,2.7880000000000003,2.275,2.7880000000000003,3.839,2.184,2.7880000000000003,2.726,2.7880000000000003,1.392,2.7880000000000003,2.7880000000000003
C,2.7880000000000003,2.7880000000000003,1.9409999999999998,2.7880000000000003,2.7880000000000003,2.7880000000000003,2.7880000000000003,3.355,2.7880000000000003,2.7880000000000003,3.324,2.7880000000000003,3.515,1.772,2.7880000000000003,2.458,2.7880000000000003,1.065,2.7880000000000003,2.7880000000000003
D,3.386,1.9409999999999998,2.7880000000000003,3.849,2.331,3.314,3.367,1.2,2.6959999999999997,1.424,3.16,2.376,3.918,4.667,3.394,3.836,3.782,4.123,2.383,2.7880000000000003
E,2.7880000000000003,2.7880000000000003,3.849,2.7880000000000003,2.441,2.7880000000000003,2.7880000000000003,3.224,2.7880000000000003,2.7880000000000003,2.1319999999999997,2.7880000000000003,1.418,4.181,2.7880000000000003,2.495,2.7880000000000003,2.181,2.7880000000000003,2.7880000000000003
F,1.912,2.7880000000000003,2.331,2.441,2.7880000000000003,2.652,2.984,3.47,3.889,4.23,2.449,3.171,1.917,3.109,3.611,2.763,3.652,3.309,1.951,2.7880000000000003
G,2.7880000000000003,2.7880000000000003,3.314,2.7880000000000003,2.652,2.7880000000000003,2.7880000000000003,2.8529999999999998,2.7880000000000003,2.7880000000000003,2.075,2.7880000000000003,3.412,3.74,2.7880000000000003,2.459,2.7880000000000003,2.408,2.7880000000000003,2.7880000000000003
H,2.7880000000000003,2.7880000000000003,3.367,2.7880000000000003,2.984,2.7880000000000003,2.7880000000000003,0.881,2.7880000000000003,2.7880000000000003,2.548,2.7880000000000003,3.751,3.833,2.7880000000000003,2.4379999999999997,2.7880000000000003,1.72,2.7880000000000003,2.7880000000000003
I,3.029,3.355,1.2,3.224,3.47,2.8529999999999998,0.881,2.7880000000000003,3.25,2.3689999999999998,3.465,3.231,3.402,3.714,3.22,2.917,3.31,2.51,2.206,2.7880000000000003
K,2.7880000000000003,2.7880000000000003,2.6959999999999997,2.7880000000000003,3.889,2.7880000000000003,2.7880000000000003,3.25,2.7880000000000003,2.7880000000000003,2.315,2.7880000000000003,3.916,3.798,2.7880000000000003,2.7119999999999997,2.7880000000000003,2.8440000000000003,2.7880000000000003,2.7880000000000003
L,2.7880000000000003,2.7880000000000003,1.424,2.7880000000000003,4.23,2.7880000000000003,2.7880000000000003,2.3689999999999998,2.7880000000000003,2.7880000000000003,2.6950000000000003,2.7880000000000003,3.33,2.308,2.7880000000000003,2.21,2.7880000000000003,1.75,2.7880000000000003,2.7880000000000003
M,2.275,3.324,3.16,2.1319999999999997,2.449,2.075,2.548,3.465,2.315,2.6950000000000003,2.7880000000000003,3.609,4.018,2.129,2.018,2.0540000000000003,3.314,2.399,3.804,2.7880000000000003
N,2.7880000000000003,2.7880000000000003,2.376,2.7880000000000003,3.171,2.7880000000000003,2.7880000000000003,3.231,2.7880000000000003,2.7880000000000003,3.609,2.7880000000000003,3.668,4.226,2.7880000000000003,2.582,2.7880000000000003,2.952,2.7880000000000003,2.7880000000000003
P,3.839,3.515,3.918,1.418,1.917,3.412,3.751,3.402,3.916,3.33,4.018,3.668,2.7880000000000003,3.9,2.4050000000000002,3.635,3.622,3.895,2.396,2.7880000000000003
Q,2.184,1.772,4.667,4.181,3.109,3.74,3.833,3.714,3.798,2.308,2.129,4.226,3.9,2.7880000000000003,4.282,2.941,2.699,2.184,3.616,2.7880000000000003
R,2.7880000000000003,2.7880000000000003,3.394,2.7880000000000003,3.611,2.7880000000000003,2.7880000000000003,3.22,2.7880000000000003,2.7880000000000003,2.018,2.7880000000000003,2.4050000000000002,4.282,2.7880000000000003,2.7880000000000003,2.7880000000000003,3.314,2.7880000000000003,2.7880000000000003
S,2.726,2.458,3.836,2.495,2.763,2.459,2.4379999999999997,2.917,2.7119999999999997,2.21,2.0540000000000003,2.582,3.635,2.941,2.7880000000000003,2.7880000000000003,2.6790000000000003,2.0220000000000002,3.192,2.7880000000000003
T,2.7880000000000003,2.7880000000000003,3.782,2.7880000000000003,3.652,2.7880000000000003,2.7880000000000003,3.31,2.7880000000000003,2.7880000000000003,3.314,2.7880000000000003,3.622,2.699,2.7880000000000003,2.6790000000000003,2.7880000000000003,2.133,2.7880000000000003,2.7880000000000003
V,1.392,1.065,4.123,2.181,3.309,2.408,1.72,2.51,2.8440000000000003,1.75,2.399,2.952,3.895,2.184,3.314,2.0220000000000002,2.133,2.7880000000000003,3.946,2.7880000000000003
W,2.7880000000000003,2.7880000000000003,2.383,2.7880000000000003,1.951,2.7880000000000003,2.7880000000000003,2.206,2.7880000000000003,2.7880000000000003,3.804,2.7880000000000003,2.396,3.616,2.7880000000000003,3.192,2.7880000000000003,3.946,2.7880000000000003,2.7880000000000003
Y,2.7880000000000003,2.7880000000000003,2.7880000000000003,2.7880000000000003,2.7880000000000003,2.7880000000000003,2.7880000000000003,2.7880000000000003,2.7880000000000003,2.7880000000000003,2.7880000000000003,2.7880000000000003,2.7880000000000003,2.7880000000000003,2.7880000000000003,2.7880000000000003,2.7880000000000003,2.7880000000000003,2.7880000000000003,2.7880000000000003
