,A,C,D,E,F,G,H,I,K,L,M,N,P,Q,R,S,T,V,W,Y
A,3.514,3.514,2.205,3.514,3.514,3.514,3.514,3.514,3.514,4.975,3.162,4.425,1.8860000000000001,0.987,3.514,3.514,3.539,3.514,3.514,3.514
C,3.514,3.514,3.329,3.514,3.514,3.514,3.514,3.514,3.514,2.2800000000000002,1.683,4.412,4.491,3.212,3.514,3.514,3.922,3.514,3.514,3.514
D,2.205,3.329,3.514,6.186,3.102,4.971,4.838,2.733,5.189,2.767,4.4670000000000005,6.126,5.185,5.496,4.853,5.396,3.084,4.029999999999999,3.071,3.514
E,3.514,3.514,6.186,3.514,3.514,3.514,3.514,3.514,3.514,4.571,3.324,4.793,4.818,4.414,3.514,3.514,3.987,3.514,3.514,3.514
F,3.514,3.514,3.102,3.514,3.514,3.514,3.514,3.514,3.514,4.441,4.491,4.209,4.423,3.981,3.514,3.514,4.189,3.514,3.514,3.514
G,3.514,3.514,4.971,3.514,3.514,3.514,3.514,3.514,3.514,4.295999999999999,2.226,4.84,4.504,4.809,3.514,3.514,4.027,3.514,3.514,3.514
H,3.514,3.514,4.838,3.514,3.514,3.514,3.514,3.514,3.514,3.277,3.989,3.677,4.902,5.744,3.514,3.514,3.757,3.514,3.514,3.514
I,3.514,3.514,2.733,3.514,3.514,3.514,3.514,3.514,3.514,3.942,3.705,4.073,2.4770000000000003,1.35,3.514,3.514,1.19,3.514,3.514,3.514
K,3.514,3.514,5.189,3.514,3.514,3.514,3.514,3.514,3.514,4.728,0.24,5.007,5.215,5.419,3.514,3.514,4.789,3.514,3.514,3.514
L,4.975,2.2800000000000002,2.767,4.571,4.441,4.295999999999999,3.277,3.942,4.728,3.514,2.529,4.598,2.153,2.351,4.702999999999999,4.6129999999999995,2.1879999999999997,2.895,4.998,3.514
M,3.162,1.683,4.4670000000000005,3.324,4.491,2.226,3.989,3.705,0.24,2.529,3.514,4.172000000000001,3.871,1.713,-0.0009999999999998899,3.53,3.603,3.557,4.409,3.514
N,4.425,4.412,6.126,4.793,4.209,4.84,3.677,4.073,5.007,4.598,4.172000000000001,3.514,4.958,5.536,5.042,5.183,2.7640000000000002,4.089,4.18,3.514
P,1.8860000000000001,4.491,5.185,4.818,4.423,4.504,4.902,2.4770000000000003,5.215,2.153,3.871,4.958,3.514,3.372,4.686,4.916,4.6259999999999994,1.225,4.482,3.514
Q,0.987,3.212,5.496,4.414,3.981,4.809,5.744,1.35,5.419,2.351,1.713,5.536,3.372,3.514,3.091,4.6129999999999995,3.52,0.6679999999999999,3.51,3.514
R,3.514,3.514,4.853,3.514,3.514,3.514,3.514,3.514,3.514,4.702999999999999,-0.0009999999999998899,5.042,4.686,3.091,3.514,3.514,4.996,3.514,3.514,3.514
S,3.514,3.514,5.396,3.514,3.514,3.514,3.514,3.514,3.514,4.6129999999999995,3.53,5.183,4.916,4.6129999999999995,3.514,3.514,1.909,3.514,3.514,3.514
T,3.539,3.922,3.084,3.987,4.189,4.027,3.757,1.19,4.789,2.1879999999999997,3.603,2.7640000000000002,4.6259999999999994,3.52,4.996,1.909,3.514,0.46499999999999997,4.941,3.514
V,3.514,3.514,4.029999999999999,3.514,3.514,3.514,3.514,3.514,3.514,2.895,3.557,4.089,1.225,0.6679999999999999,3.514,3.514,0.46499999999999997,3.514,3.514,3.514
W,3.514,3.514,3.071,3.514,3.514,3.514,3.514,3.514,3.514,4.998,4.409,4.18,4.482,3.51,3.514,3.514,4.941,3.514,3.514,3.514
Y,3.514,3.514,3.514,3.514,3.514,3.514,3.514,3.514,3.514,3.514,3.514,3.514,3.514,3.514,3.514,3.514,3.514,3.514,3.514,3.514
