,A,C,D,E,F,G,H,I,K,L,M,N,P,Q,R,S,T,V,W,Y
A,3.453,3.453,1.759,3.453,3.453,3.453,3.453,3.453,3.453,4.961,3.738,4.357,1.904,1.009,3.453,3.453,3.609,3.453,3.453,3.453
C,3.453,3.453,3.634,3.453,3.453,3.453,3.453,3.453,3.453,2.473,1.276,4.6240000000000006,4.438000000000001,3.147,3.453,3.453,4.947,3.453,3.453,3.453
D,1.759,3.634,3.453,6.032,3.444,5.164,4.607,3.122,4.859999999999999,2.879,3.791,5.991,5.448,6.03,5.031,5.414,2.4299999999999997,4.535,3.237,3.453
E,3.453,3.453,6.032,3.453,3.453,3.453,3.453,3.453,3.453,4.603,3.666,4.8759999999999994,4.95,4.119,3.453,3.453,4.605,3.453,3.453,3.453
F,3.453,3.453,3.444,3.453,3.453,3.453,3.453,3.453,3.453,4.314,5.304,4.2059999999999995,4.574,4.482,3.453,3.453,4.5440000000000005,3.453,3.453,3.453
G,3.453,3.453,5.164,3.453,3.453,3.453,3.453,3.453,3.453,4.214,1.508,5.013,4.412,5.107,3.453,3.453,4.498,3.453,3.453,3.453
H,3.453,3.453,4.607,3.453,3.453,3.453,3.453,3.453,3.453,2.1470000000000002,4.991,3.744,4.601,5.948,3.453,3.453,3.899,3.453,3.453,3.453
I,3.453,3.453,3.122,3.453,3.453,3.453,3.453,3.453,3.453,3.737,4.117,4.016,2.403,1.192,3.453,3.453,1.361,3.453,3.453,3.453
K,3.453,3.453,4.859999999999999,3.453,3.453,3.453,3.453,3.453,3.453,4.684,0.31399999999999995,5.246,4.98,5.193,3.453,3.453,4.253,3.453,3.453,3.453
L,4.961,2.473,2.879,4.603,4.314,4.214,2.1470000000000002,3.737,4.684,3.453,1.504,4.662,1.803,2.224,4.656000000000001,4.628,2.334,2.404,4.974,3.453
M,3.738,1.276,3.791,3.666,5.304,1.508,4.991,4.117,0.31399999999999995,1.504,3.453,4.189,2.7809999999999997,1.12,-0.2509999999999999,2.963,4.323,2.502,3.621,3.453
N,4.357,4.6240000000000006,5.991,4.8759999999999994,4.2059999999999995,5.013,3.744,4.016,5.246,4.662,4.189,3.453,5.045,5.719,4.932,5.588,2.008,3.946,4.309,3.453
P,1.904,4.438000000000001,5.448,4.95,4.574,4.412,4.601,2.403,4.98,1.803,2.7809999999999997,5.045,3.453,2.987,4.763999999999999,5.114,2.8280000000000003,1.295,4.632,3.453
Q,1.009,3.147,6.03,4.119,4.482,5.107,5.948,1.192,5.193,2.224,1.12,5.719,2.987,3.453,2.74,5.395,2.123,0.83,3.814,3.453
R,3.453,3.453,5.031,3.453,3.453,3.453,3.453,3.453,3.453,4.656000000000001,-0.2509999999999999,4.932,4.763999999999999,2.74,3.453,3.453,5.066,3.453,3.453,3.453
S,3.453,3.453,5.414,3.453,3.453,3.453,3.453,3.453,3.453,4.628,2.963,5.588,5.114,5.395,3.453,3.453,2.266,3.453,3.453,3.453
T,3.609,4.947,2.4299999999999997,4.605,4.5440000000000005,4.498,3.899,1.361,4.253,2.334,4.323,2.008,2.8280000000000003,2.123,5.066,2.266,3.453,0.96,5.045,3.453
V,3.453,3.453,4.535,3.453,3.453,3.453,3.453,3.453,3.453,2.404,2.502,3.946,1.295,0.83,3.453,3.453,0.96,3.453,3.453,3.453
W,3.453,3.453,3.237,3.453,3.453,3.453,3.453,3.453,3.453,4.974,3.621,4.309,4.632,3.814,3.453,3.453,5.045,3.453,3.453,3.453
Y,3.453,3.453,3.453,3.453,3.453,3.453,3.453,3.453,3.453,3.453,3.453,3.453,3.453,3.453,3.453,3.453,3.453,3.453,3.453,3.453
