,A,C,D,E,F,G,H,I,K,L,M,N,P,Q,R,S,T,V,W,Y
A,3.455,3.455,2.005,3.455,3.455,3.455,3.455,3.455,3.455,5.131,2.931,4.4510000000000005,1.8900000000000001,1.208,3.455,3.455,3.315,3.455,3.455,3.455
C,3.455,3.455,3.458,3.455,3.455,3.455,3.455,3.455,3.455,2.0469999999999997,1.65,4.439,4.543,3.052,3.455,3.455,4.478,3.455,3.455,3.455
D,2.005,3.458,3.455,6.41,3.25,4.491,4.761,4.027,4.88,2.876,3.838,6.074,4.931,5.901,4.824,5.522,2.753,4.37,3.351,3.455
E,3.455,3.455,6.41,3.455,3.455,3.455,3.455,3.455,3.455,4.448,4.041,5.121,4.775,3.868,3.455,3.455,5.005,3.455,3.455,3.455
F,3.455,3.455,3.25,3.455,3.455,3.455,3.455,3.455,3.455,4.618,5.689,4.295,4.577999999999999,4.336,3.455,3.455,4.614,3.455,3.455,3.455
G,3.455,3.455,4.491,3.455,3.455,3.455,3.455,3.455,3.455,4.378,1.655,5.016,4.604,5.105,3.455,3.455,4.036,3.455,3.455,3.455
H,3.455,3.455,4.761,3.455,3.455,3.455,3.455,3.455,3.455,2.0540000000000003,4.878,3.683,4.795999999999999,6.411,3.455,3.455,4.603,3.455,3.455,3.455
I,3.455,3.455,4.027,3.455,3.455,3.455,3.455,3.455,3.455,3.383,4.0920000000000005,4.186,4.303,1.646,3.455,3.455,0.45299999999999996,3.455,3.455,3.455
K,3.455,3.455,4.88,3.455,3.455,3.455,3.455,3.455,3.455,4.589,0.31499999999999995,5.311,4.511,5.437,3.455,3.455,5.111,3.455,3.455,3.455
L,5.131,2.0469999999999997,2.876,4.448,4.618,4.378,2.0540000000000003,3.383,4.589,3.455,1.384,4.693,2.1109999999999998,2.17,4.697,4.5760000000000005,2.377,1.954,5.149,3.455
M,2.931,1.65,3.838,4.041,5.689,1.655,4.878,4.0920000000000005,0.31499999999999995,1.384,3.455,4.334,2.7279999999999998,1.336,0.08399999999999996,2.71,4.633,2.987,3.485,3.455
N,4.4510000000000005,4.439,6.074,5.121,4.295,5.016,3.683,4.186,5.311,4.693,4.334,3.455,4.995,5.502,4.9,5.359,2.1879999999999997,4.128,4.314,3.455
P,1.8900000000000001,4.543,4.931,4.775,4.577999999999999,4.604,4.795999999999999,4.303,4.511,2.1109999999999998,2.7279999999999998,4.995,3.455,2.899,4.755,4.968999999999999,3.508,1.22,4.266,3.455
Q,1.208,3.052,5.901,3.868,4.336,5.105,6.411,1.646,5.437,2.17,1.336,5.502,2.899,3.455,3.2,4.816,2.54,0.5329999999999999,3.264,3.455
R,3.455,3.455,4.824,3.455,3.455,3.455,3.455,3.455,3.455,4.697,0.08399999999999996,4.9,4.755,3.2,3.455,3.455,4.774,3.455,3.455,3.455
S,3.455,3.455,5.522,3.455,3.455,3.455,3.455,3.455,3.455,4.5760000000000005,2.71,5.359,4.968999999999999,4.816,3.455,3.455,1.312,3.455,3.455,3.455
T,3.315,4.478,2.753,5.005,4.614,4.036,4.603,0.45299999999999996,5.111,2.377,4.633,2.1879999999999997,3.508,2.54,4.774,1.312,3.455,0.605,5.119,3.455
V,3.455,3.455,4.37,3.455,3.455,3.455,3.455,3.455,3.455,1.954,2.987,4.128,1.22,0.5329999999999999,3.455,3.455,0.605,3.455,3.455,3.455
W,3.455,3.455,3.351,3.455,3.455,3.455,3.455,3.455,3.455,5.149,3.485,4.314,4.266,3.264,3.455,3.455,5.119,3.455,3.455,3.455
Y,3.455,3.455,3.455,3.455,3.455,3.455,3.455,3.455,3.455,3.455,3.455,3.455,3.455,3.455,3.455,3.455,3.455,3.455,3.455,3.455
