,A,C,D,E,F,G,H,I,K,L,M,N,P,Q,R,S,T,V,W,Y
A,3.741,2.8209999999999997,2.843,3.416,3.369,3.032,4.183,2.955,4.819,3.619,3.448,3.104,2.026,2.875,4.704000000000001,3.408,4.5009999999999994,2.061,4.766,3.741
C,2.8209999999999997,3.741,2.85,3.96,3.766,2.432,4.204000000000001,3.282,4.1240000000000006,1.968,3.32,4.54,3.839,2.949,3.291,2.511,2.9370000000000003,0.46799999999999997,4.378,3.741
D,2.843,2.85,3.741,5.568,3.615,4.7059999999999995,4.938000000000001,4.316,3.974,3.018,4.236000000000001,5.68,3.604,6.461,4.491,5.886,3.165,3.07,3.241,3.741
E,3.416,3.96,5.568,3.741,3.112,3.586,4.404999999999999,4.8420000000000005,4.957,4.452999999999999,4.199,4.438000000000001,3.232,4.109999999999999,4.353,4.9239999999999995,4.949,3.424,2.846,3.741
F,3.369,3.766,3.615,3.112,3.741,2.298,3.468,4.96,4.852,5.474,6.046,3.999,4.3740000000000006,3.403,3.006,3.763,4.007,4.793,4.234,3.741
G,3.032,2.432,4.7059999999999995,3.586,2.298,3.741,4.002,1.971,4.505,3.551,2.96,5.041,3.201,4.54,4.402,4.163,3.588,2.315,3.117,3.741
H,4.183,4.204000000000001,4.938000000000001,4.404999999999999,3.468,4.002,3.741,2.626,4.224,2.683,4.0760000000000005,4.668,4.699,6.54,3.449,4.103,4.736000000000001,4.827,4.307,3.741
I,2.955,3.282,4.316,4.8420000000000005,4.96,1.971,2.626,3.741,4.986000000000001,3.301,4.596,3.052,3.885,2.827,3.497,2.126,1.9849999999999999,2.44,3.071,3.741
K,4.819,4.1240000000000006,3.974,4.957,4.852,4.505,4.224,4.986000000000001,3.741,4.005,2.7359999999999998,4.343999999999999,5.401,6.627,5.053,4.3420000000000005,4.773,4.172000000000001,4.246,3.741
L,3.619,1.968,3.018,4.452999999999999,5.474,3.551,2.683,3.301,4.005,3.741,2.642,3.553,2.8979999999999997,2.378,4.318,3.426,2.2800000000000002,2.075,4.561,3.741
M,3.448,3.32,4.236000000000001,4.199,6.046,2.96,4.0760000000000005,4.596,2.7359999999999998,2.642,3.741,3.736,3.874,2.355,3.025,3.103,4.379,3.817,4.5440000000000005,3.741
N,3.104,4.54,5.68,4.438000000000001,3.999,5.041,4.668,3.052,4.343999999999999,3.553,3.736,3.741,5.663,5.045,4.984,4.679,3.74,2.424,4.265000000000001,3.741
P,2.026,3.839,3.604,3.232,4.3740000000000006,3.201,4.699,3.885,5.401,2.8979999999999997,3.874,5.663,3.741,4.093,4.26,4.223,4.720000000000001,2.17,3.295,3.741
Q,2.875,2.949,6.461,4.109999999999999,3.403,4.54,6.54,2.827,6.627,2.378,2.355,5.045,4.093,3.741,5.233,4.476,4.027,2.077,2.983,3.741
R,4.704000000000001,3.291,4.491,4.353,3.006,4.402,3.449,3.497,5.053,4.318,3.025,4.984,4.26,5.233,3.741,4.024,4.723,3.162,4.241,3.741
S,3.408,2.511,5.886,4.9239999999999995,3.763,4.163,4.103,2.126,4.3420000000000005,3.426,3.103,4.679,4.223,4.476,4.024,3.741,2.5789999999999997,2.3529999999999998,4.2059999999999995,3.741
T,4.5009999999999994,2.9370000000000003,3.165,4.949,4.007,3.588,4.736000000000001,1.9849999999999999,4.773,2.2800000000000002,4.379,3.74,4.720000000000001,4.027,4.723,2.5789999999999997,3.741,2.351,3.024,3.741
V,2.061,0.46799999999999997,3.07,3.424,4.793,2.315,4.827,2.44,4.172000000000001,2.075,3.817,2.424,2.17,2.077,3.162,2.3529999999999998,2.351,3.741,4.507,3.741
W,4.766,4.378,3.241,2.846,4.234,3.117,4.307,3.071,4.246,4.561,4.5440000000000005,4.265000000000001,3.295,2.983,4.241,4.2059999999999995,3.024,4.507,3.741,3.741
Y,3.741,3.741,3.741,3.741,3.741,3.741,3.741,3.741,3.741,3.741,3.741,3.741,3.741,3.741,3.741,3.741,3.741,3.741,3.741,3.741
