,A,C,D,E,F,G,H,I,K,L,M,N,P,Q,R,S,T,V,W,Y
A,1.877,1.877,1.877,1.877,0.40900000000000003,3.166,1.877,1.877,1.877,1.02,1.877,1.877,1.637,1.877,1.877,1.877,1.877,-1.189,1.877,1.877
C,1.877,1.877,1.877,1.877,3.936,2.491,1.877,1.877,1.877,-0.738,1.877,1.877,1.115,1.877,1.877,1.877,1.877,-1.621,1.877,1.877
D,1.877,1.877,1.877,1.877,1.575,2.822,1.877,1.877,1.877,1.5270000000000001,1.877,1.877,1.847,1.877,1.877,1.877,1.877,0.971,1.877,1.877
E,1.877,1.877,1.877,1.877,1.167,1.478,1.877,1.877,1.877,1.861,1.877,1.877,3.852,1.877,1.877,1.877,1.877,3.546,1.877,1.877
F,0.40900000000000003,3.936,1.575,1.167,1.877,1.278,0.8180000000000001,3.861,1.7,1.776,1.193,2.8040000000000003,2.178,0.546,3.127,1.448,2.95,3.324,0.30000000000000004,1.877
G,3.166,2.491,2.822,1.478,1.278,1.877,3.772,2.786,3.771,1.573,2.409,3.936,2.909,3.778,1.877,3.059,3.086,0.5720000000000001,1.5819999999999999,1.877
H,1.877,1.877,1.877,1.877,0.8180000000000001,3.772,1.877,1.877,1.877,2.517,1.877,1.877,3.182,1.877,1.877,1.877,1.877,3.016,1.877,1.877
I,1.877,1.877,1.877,1.877,3.861,2.786,1.877,1.877,1.877,0.94,1.877,1.877,0.45599999999999996,1.877,1.877,1.877,1.877,1.528,1.877,1.877
K,1.877,1.877,1.877,1.877,1.7,3.771,1.877,1.877,1.877,4.189,1.877,1.877,3.214,1.877,1.877,1.877,1.877,2.5300000000000002,1.877,1.877
L,1.02,-0.738,1.5270000000000001,1.861,1.776,1.573,2.517,0.94,4.189,1.877,1.011,0.6839999999999999,3.188,0.03300000000000003,1.3559999999999999,-0.5860000000000001,-0.7310000000000001,2.2800000000000002,3.235,1.877
M,1.877,1.877,1.877,1.877,1.193,2.409,1.877,1.877,1.877,1.011,1.877,1.877,1.851,1.877,1.877,1.877,1.877,1.834,1.877,1.877
N,1.877,1.877,1.877,1.877,2.8040000000000003,3.936,1.877,1.877,1.877,0.6839999999999999,1.877,1.877,3.829,1.877,1.877,1.877,1.877,0.244,1.877,1.877
P,1.637,1.115,1.847,3.852,2.178,2.909,3.182,0.45599999999999996,3.214,3.188,1.851,3.829,1.877,3.177,3.224,3.197,1.4020000000000001,1.889,3.191,1.877
Q,1.877,1.877,1.877,1.877,0.546,3.778,1.877,1.877,1.877,0.03300000000000003,1.877,1.877,3.177,1.877,1.877,1.877,1.877,1.109,1.877,1.877
R,1.877,1.877,1.877,1.877,3.127,1.877,1.877,1.877,1.877,1.3559999999999999,1.877,1.877,3.224,1.877,1.877,1.877,1.877,2.892,1.877,1.877
S,1.877,1.877,1.877,1.877,1.448,3.059,1.877,1.877,1.877,-0.5860000000000001,1.877,1.877,3.197,1.877,1.877,1.877,1.877,1.048,1.877,1.877
T,1.877,1.877,1.877,1.877,2.95,3.086,1.877,1.877,1.877,-0.7310000000000001,1.877,1.877,1.4020000000000001,1.877,1.877,1.877,1.877,-0.96,1.877,1.877
V,-1.189,-1.621,0.971,3.546,3.324,0.5720000000000001,3.016,1.528,2.5300000000000002,2.2800000000000002,1.834,0.244,1.889,1.109,2.892,1.048,-0.96,1.877,1.196,1.877
W,1.877,1.877,1.877,1.877,0.30000000000000004,1.5819999999999999,1.877,1.877,1.877,3.235,1.877,1.877,3.191,1.877,1.877,1.877,1.877,1.196,1.877,1.877
Y,1.877,1.877,1.877,1.877,1.877,1.877,1.877,1.877,1.877,1.877,1.877,1.877,1.877,1.877,1.877,1.877,1.877,1.877,1.877,1.877
