,A,C,D,E,F,G,H,I,K,L,M,N,P,Q,R,S,T,V,W,Y
A,3.023,2.3689999999999998,3.023,3.023,3.023,3.023,3.023,3.691,3.023,2.726,3.39,3.023,3.023,3.463,3.023,2.875,3.681,3.023,3.507,3.023
C,2.3689999999999998,3.023,2.918,3.231,3.26,3.22,3.435,2.3440000000000003,3.299,1.205,2.4939999999999998,3.631,3.353,3.233,3.418,1.674,2.3899999999999997,1.338,3.688,3.023
D,3.023,2.918,3.023,3.023,3.023,3.023,3.023,3.601,3.023,2.525,3.513,3.023,3.023,3.974,3.023,3.362,2.762,3.023,3.364,3.023
E,3.023,3.231,3.023,3.023,3.023,3.023,3.023,3.35,3.023,3.696,3.165,3.023,3.023,3.679,3.023,3.145,2.912,3.023,2.088,3.023
F,3.023,3.26,3.023,3.023,3.023,3.023,3.023,3.502,3.023,3.113,3.716,3.023,3.023,2.475,3.023,3.021,1.579,3.023,3.85,3.023
G,3.023,3.22,3.023,3.023,3.023,3.023,3.023,2.817,3.023,3.227,3.282,3.023,3.023,2.745,3.023,2.924,3.495,3.023,3.5,3.023
H,3.023,3.435,3.023,3.023,3.023,3.023,3.023,3.031,3.023,2.8,3.119,3.023,3.023,4.039,3.023,2.901,3.665,3.023,3.694,3.023
I,3.691,2.3440000000000003,3.601,3.35,3.502,2.817,3.031,3.023,3.316,2.851,3.678,3.194,3.267,2.5860000000000003,3.603,2.162,3.384,2.91,3.421,3.023
K,3.023,3.299,3.023,3.023,3.023,3.023,3.023,3.316,3.023,3.588,2.6020000000000003,3.023,3.023,3.827,3.023,2.7270000000000003,3.585,3.023,3.458,3.023
L,2.726,1.205,2.525,3.696,3.113,3.227,2.8,2.851,3.588,3.023,2.5549999999999997,3.286,2.683,2.734,3.653,2.839,2.174,2.839,3.067,3.023
M,3.39,2.4939999999999998,3.513,3.165,3.716,3.282,3.119,3.678,2.6020000000000003,2.5549999999999997,3.023,2.694,3.607,2.374,2.989,3.343,3.68,3.06,4.047000000000001,3.023
N,3.023,3.631,3.023,3.023,3.023,3.023,3.023,3.194,3.023,3.286,2.694,3.023,3.023,2.982,3.023,2.968,3.677,3.023,3.487,3.023
P,3.023,3.353,3.023,3.023,3.023,3.023,3.023,3.267,3.023,2.683,3.607,3.023,3.023,3.722,3.023,3.124,3.552,3.023,3.383,3.023
Q,3.463,3.233,3.974,3.679,2.475,2.745,4.039,2.5860000000000003,3.827,2.734,2.374,2.982,3.722,3.023,3.752,2.565,3.732,2.7960000000000003,2.876,3.023
R,3.023,3.418,3.023,3.023,3.023,3.023,3.023,3.603,3.023,3.653,2.989,3.023,3.023,3.752,3.023,2.667,3.746,3.023,3.346,3.023
S,2.875,1.674,3.362,3.145,3.021,2.924,2.901,2.162,2.7270000000000003,2.839,3.343,2.968,3.124,2.565,2.667,3.023,3.01,2.755,2.9939999999999998,3.023
T,3.681,2.3899999999999997,2.762,2.912,1.579,3.495,3.665,3.384,3.585,2.174,3.68,3.677,3.552,3.732,3.746,3.01,3.023,3.255,2.855,3.023
V,3.023,1.338,3.023,3.023,3.023,3.023,3.023,2.91,3.023,2.839,3.06,3.023,3.023,2.7960000000000003,3.023,2.755,3.255,3.023,3.432,3.023
W,3.507,3.688,3.364,2.088,3.85,3.5,3.694,3.421,3.458,3.067,4.047000000000001,3.487,3.383,2.876,3.346,2.9939999999999998,2.855,3.432,3.023,3.023
Y,3.023,3.023,3.023,3.023,3.023,3.023,3.023,3.023,3.023,3.023,3.023,3.023,3.023,3.023,3.023,3.023,3.023,3.023,3.023,3.023
