,A,C,D,E,F,G,H,I,K,L,M,N,P,Q,R,S,T,V,W,Y
A,3.017,2.2039999999999997,3.284,3.716,3.901,1.808,3.234,2.481,4.0,3.323,4.159,2.66,1.825,4.131,4.189,1.928,3.912,2.814,4.0280000000000005,3.017
C,2.2039999999999997,3.017,3.017,3.017,3.017,3.017,3.017,3.017,3.017,1.433,3.001,3.165,2.692,3.017,3.017,3.017,1.517,1.204,3.017,3.017
D,3.284,3.017,3.017,3.017,3.017,3.017,3.017,3.017,3.017,2.7110000000000003,3.57,3.554,3.433,3.017,3.017,3.017,1.449,3.373,3.017,3.017
E,3.716,3.017,3.017,3.017,3.017,3.017,3.017,3.017,3.017,3.227,3.661,3.664,3.463,3.017,3.017,3.017,4.341,4.071,3.017,3.017
F,3.901,3.017,3.017,3.017,3.017,3.017,3.017,3.017,3.017,3.344,4.318,3.51,3.686,3.017,3.017,3.017,4.191,5.212,3.017,3.017
G,1.808,3.017,3.017,3.017,3.017,3.017,3.017,3.017,3.017,3.08,1.964,3.667,3.142,3.017,3.017,3.017,2.2889999999999997,2.5229999999999997,3.017,3.017
H,3.234,3.017,3.017,3.017,3.017,3.017,3.017,3.017,3.017,3.089,3.625,3.219,3.495,3.017,3.017,3.017,3.509,4.841,3.017,3.017
I,2.481,3.017,3.017,3.017,3.017,3.017,3.017,3.017,3.017,2.4779999999999998,4.619,1.158,1.859,3.017,3.017,3.017,3.006,2.133,3.017,3.017
K,4.0,3.017,3.017,3.017,3.017,3.017,3.017,3.017,3.017,3.505,3.631,3.717,3.403,3.017,3.017,3.017,3.266,4.122,3.017,3.017
L,3.323,1.433,2.7110000000000003,3.227,3.344,3.08,3.089,2.4779999999999998,3.505,3.017,2.699,2.718,3.883,1.251,4.170999999999999,3.474,2.8819999999999997,0.61,3.309,3.017
M,4.159,3.001,3.57,3.661,4.318,1.964,3.625,4.619,3.631,2.699,3.017,2.56,2.857,4.168,3.942,3.835,4.372,3.071,3.925,3.017
N,2.66,3.165,3.554,3.664,3.51,3.667,3.219,1.158,3.717,2.718,2.56,3.017,2.982,1.7269999999999999,3.669,3.715,3.914,1.971,3.513,3.017
P,1.825,2.692,3.433,3.463,3.686,3.142,3.495,1.859,3.403,3.883,2.857,2.982,3.017,3.443,3.301,2.629,3.967,2.569,2.394,3.017
Q,4.131,3.017,3.017,3.017,3.017,3.017,3.017,3.017,3.017,1.251,4.168,1.7269999999999999,3.443,3.017,3.017,3.017,3.771,2.624,3.017,3.017
R,4.189,3.017,3.017,3.017,3.017,3.017,3.017,3.017,3.017,4.170999999999999,3.942,3.669,3.301,3.017,3.017,3.017,2.7800000000000002,2.536,3.017,3.017
S,1.928,3.017,3.017,3.017,3.017,3.017,3.017,3.017,3.017,3.474,3.835,3.715,2.629,3.017,3.017,3.017,2.1550000000000002,2.919,3.017,3.017
T,3.912,1.517,1.449,4.341,4.191,2.2889999999999997,3.509,3.006,3.266,2.8819999999999997,4.372,3.914,3.967,3.771,2.7800000000000002,2.1550000000000002,3.017,2.606,1.6280000000000001,3.017
V,2.814,1.204,3.373,4.071,5.212,2.5229999999999997,4.841,2.133,4.122,0.61,3.071,1.971,2.569,2.624,2.536,2.919,2.606,3.017,3.987,3.017
W,4.0280000000000005,3.017,3.017,3.017,3.017,3.017,3.017,3.017,3.017,3.309,3.925,3.513,2.394,3.017,3.017,3.017,1.6280000000000001,3.987,3.017,3.017
Y,3.017,3.017,3.017,3.017,3.017,3.017,3.017,3.017,3.017,3.017,3.017,3.017,3.017,3.017,3.017,3.017,3.017,3.017,3.017,3.017
