,A,C,D,E,F,G,H,I,K,L,M,N,P,Q,R,S,T,V,W,Y
A,3.366,3.366,3.366,4.819,1.6019999999999999,3.366,3.366,2.473,3.786,2.326,3.366,4.7989999999999995,3.366,3.366,3.366,5.415,3.366,3.366,3.366,3.366
C,3.366,3.366,3.366,3.645,1.1179999999999999,3.366,3.366,2.887,2.6310000000000002,2.1310000000000002,3.366,5.47,3.366,3.366,3.366,4.899,3.366,3.366,3.366,3.366
D,3.366,3.366,3.366,3.9,1.611,3.366,3.366,2.01,5.558,1.8559999999999999,3.366,8.411,3.366,3.366,3.366,3.768,3.366,3.366,3.366,3.366
E,4.819,3.645,3.9,3.366,3.935,2.117,4.898,3.151,6.217,3.292,3.208,5.905,5.12,8.025,5.349,5.205,5.497,5.362,4.708,3.366
F,1.6019999999999999,1.1179999999999999,1.611,3.935,3.366,3.078,1.405,5.795,3.477,3.084,2.833,4.013,3.921,2.452,2.2119999999999997,4.2219999999999995,2.6950000000000003,2.8529999999999998,3.832,3.366
G,3.366,3.366,3.366,2.117,3.078,3.366,3.366,1.525,2.106,0.7969999999999999,3.366,6.236,3.366,3.366,3.366,3.231,3.366,3.366,3.366,3.366
H,3.366,3.366,3.366,4.898,1.405,3.366,3.366,2.1189999999999998,2.5789999999999997,0.76,3.366,6.903,3.366,3.366,3.366,3.116,3.366,3.366,3.366,3.366
I,2.473,2.887,2.01,3.151,5.795,1.525,2.1189999999999998,3.366,1.859,2.375,3.742,2.4210000000000003,1.732,2.4290000000000003,3.205,3.039,3.519,3.439,2.6100000000000003,3.366
K,3.786,2.6310000000000002,5.558,6.217,3.477,2.106,2.5789999999999997,1.859,3.366,1.972,3.926,5.138,3.42,9.239,3.622,2.675,4.170999999999999,2.124,0.99,3.366
L,2.326,2.1310000000000002,1.8559999999999999,3.292,3.084,0.7969999999999999,0.76,2.375,1.972,3.366,5.089,1.733,1.219,2.718,0.87,3.27,1.857,4.289,2.5300000000000002,3.366
M,3.366,3.366,3.366,3.208,2.833,3.366,3.366,3.742,3.926,5.089,3.366,5.511,3.366,3.366,3.366,3.763,3.366,3.366,3.366,3.366
N,4.7989999999999995,5.47,8.411,5.905,4.013,6.236,6.903,2.4210000000000003,5.138,1.733,5.511,3.366,4.714,8.825,4.175,8.958,7.915,3.804,3.844,3.366
P,3.366,3.366,3.366,5.12,3.921,3.366,3.366,1.732,3.42,1.219,3.366,4.714,3.366,3.366,3.366,5.034,3.366,3.366,3.366,3.366
Q,3.366,3.366,3.366,8.025,2.452,3.366,3.366,2.4290000000000003,9.239,2.718,3.366,8.825,3.366,3.366,3.366,4.35,3.366,3.366,3.366,3.366
R,3.366,3.366,3.366,5.349,2.2119999999999997,3.366,3.366,3.205,3.622,0.87,3.366,4.175,3.366,3.366,3.366,3.508,3.366,3.366,3.366,3.366
S,5.415,4.899,3.768,5.205,4.2219999999999995,3.231,3.116,3.039,2.675,3.27,3.763,8.958,5.034,4.35,3.508,3.366,6.161,3.981,3.416,3.366
T,3.366,3.366,3.366,5.497,2.6950000000000003,3.366,3.366,3.519,4.170999999999999,1.857,3.366,7.915,3.366,3.366,3.366,6.161,3.366,3.366,3.366,3.366
V,3.366,3.366,3.366,5.362,2.8529999999999998,3.366,3.366,3.439,2.124,4.289,3.366,3.804,3.366,3.366,3.366,3.981,3.366,3.366,3.366,3.366
W,3.366,3.366,3.366,4.708,3.832,3.366,3.366,2.6100000000000003,0.99,2.5300000000000002,3.366,3.844,3.366,3.366,3.366,3.416,3.366,3.366,3.366,3.366
Y,3.366,3.366,3.366,3.366,3.366,3.366,3.366,3.366,3.366,3.366,3.366,3.366,3.366,3.366,3.366,3.366,3.366,3.366,3.366,3.366
