,A,C,D,E,F,G,H,I,K,L,M,N,P,Q,R,S,T,V,W,Y
A,3.344,3.344,3.344,4.478,1.688,3.344,3.344,2.709,3.818,2.473,3.344,4.664,3.344,3.344,3.344,4.577,3.344,3.344,3.344,3.344
C,3.344,3.344,3.344,3.688,0.849,3.344,3.344,2.5300000000000002,2.479,1.8090000000000002,3.344,5.194,3.344,3.344,3.344,5.22,3.344,3.344,3.344,3.344
D,3.344,3.344,3.344,4.5,1.9449999999999998,3.344,3.344,2.292,4.643,2.503,3.344,9.084,3.344,3.344,3.344,4.429,3.344,3.344,3.344,3.344
E,4.478,3.688,4.5,3.344,3.436,1.966,4.925,2.841,6.457,3.282,3.41,5.724,4.575,8.709,5.897,5.707,5.95,5.919,4.584,3.344
F,1.688,0.849,1.9449999999999998,3.436,3.344,2.84,1.338,5.156,3.542,3.348,2.009,3.594,3.083,2.5309999999999997,2.49,3.789,2.439,2.198,4.769,3.344
G,3.344,3.344,3.344,1.966,2.84,3.344,3.344,1.5270000000000001,2.12,0.948,3.344,6.93,3.344,3.344,3.344,3.383,3.344,3.344,3.344,3.344
H,3.344,3.344,3.344,4.925,1.338,3.344,3.344,2.4850000000000003,1.97,-0.5660000000000001,3.344,6.306,3.344,3.344,3.344,3.246,3.344,3.344,3.344,3.344
I,2.709,2.5300000000000002,2.292,2.841,5.156,1.5270000000000001,2.4850000000000003,3.344,2.083,2.402,5.369,2.5060000000000002,1.6280000000000001,2.4139999999999997,3.331,3.041,2.9379999999999997,2.498,2.418,3.344
K,3.818,2.479,4.643,6.457,3.542,2.12,1.97,2.083,3.344,2.141,3.608,5.383,3.248,10.322,2.667,2.593,3.586,1.876,1.341,3.344
L,2.473,1.8090000000000002,2.503,3.282,3.348,0.948,-0.5660000000000001,2.402,2.141,3.344,5.325,1.798,1.114,3.16,1.014,3.388,1.912,3.995,2.3040000000000003,3.344
M,3.344,3.344,3.344,3.41,2.009,3.344,3.344,5.369,3.608,5.325,3.344,5.498,3.344,3.344,3.344,4.085,3.344,3.344,3.344,3.344
N,4.664,5.194,9.084,5.724,3.594,6.93,6.306,2.5060000000000002,5.383,1.798,5.498,3.344,4.839,8.917,4.692,9.236,7.936,3.752,4.317,3.344
P,3.344,3.344,3.344,4.575,3.083,3.344,3.344,1.6280000000000001,3.248,1.114,3.344,4.839,3.344,3.344,3.344,5.189,3.344,3.344,3.344,3.344
Q,3.344,3.344,3.344,8.709,2.5309999999999997,3.344,3.344,2.4139999999999997,10.322,3.16,3.344,8.917,3.344,3.344,3.344,4.993,3.344,3.344,3.344,3.344
R,3.344,3.344,3.344,5.897,2.49,3.344,3.344,3.331,2.667,1.014,3.344,4.692,3.344,3.344,3.344,3.684,3.344,3.344,3.344,3.344
S,4.577,5.22,4.429,5.707,3.789,3.383,3.246,3.041,2.593,3.388,4.085,9.236,5.189,4.993,3.684,3.344,6.799,4.274,3.061,3.344
T,3.344,3.344,3.344,5.95,2.439,3.344,3.344,2.9379999999999997,3.586,1.912,3.344,7.936,3.344,3.344,3.344,6.799,3.344,3.344,3.344,3.344
V,3.344,3.344,3.344,5.919,2.198,3.344,3.344,2.498,1.876,3.995,3.344,3.752,3.344,3.344,3.344,4.274,3.344,3.344,3.344,3.344
W,3.344,3.344,3.344,4.584,4.769,3.344,3.344,2.418,1.341,2.3040000000000003,3.344,4.317,3.344,3.344,3.344,3.061,3.344,3.344,3.344,3.344
Y,3.344,3.344,3.344,3.344,3.344,3.344,3.344,3.344,3.344,3.344,3.344,3.344,3.344,3.344,3.344,3.344,3.344,3.344,3.344,3.344
