,A,C,D,E,F,G,H,I,K,L,M,N,P,Q,R,S,T,V,W,Y
A,2.858,1.7770000000000001,3.275,3.829,4.082,1.71,3.718,3.424,3.442,3.064,4.018,2.573,-0.29699999999999993,4.08,4.284,1.608,3.912,2.878,3.61,2.858
C,1.7770000000000001,2.858,2.858,2.858,2.858,2.858,2.858,2.858,2.858,1.857,2.924,3.039,2.748,2.858,2.858,2.858,0.971,0.96,2.858,2.858
D,3.275,2.858,2.858,2.858,2.858,2.858,2.858,2.858,2.858,2.67,3.59,3.472,1.426,2.858,2.858,2.858,3.055,2.981,2.858,2.858
E,3.829,2.858,2.858,2.858,2.858,2.858,2.858,2.858,2.858,2.343,4.038,3.327,2.749,2.858,2.858,2.858,4.179,4.0,2.858,2.858
F,4.082,2.858,2.858,2.858,2.858,2.858,2.858,2.858,2.858,3.171,4.648,3.024,3.782,2.858,2.858,2.858,3.9,4.384,2.858,2.858
G,1.71,2.858,2.858,2.858,2.858,2.858,2.858,2.858,2.858,3.174,2.1479999999999997,3.43,-0.17599999999999993,2.858,2.858,2.858,3.443,1.845,2.858,2.858
H,3.718,2.858,2.858,2.858,2.858,2.858,2.858,2.858,2.858,3.033,3.176,3.372,3.452,2.858,2.858,2.858,4.123,4.998,2.858,2.858
I,3.424,2.858,2.858,2.858,2.858,2.858,2.858,2.858,2.858,2.183,5.016,1.066,2.31,2.858,2.858,2.858,2.489,1.744,2.858,2.858
K,3.442,2.858,2.858,2.858,2.858,2.858,2.858,2.858,2.858,3.402,3.195,3.824,3.755,2.858,2.858,2.858,2.649,4.605,2.858,2.858
L,3.064,1.857,2.67,2.343,3.171,3.174,3.033,2.183,3.402,2.858,2.614,2.831,3.241,1.524,4.085,3.337,3.373,0.43700000000000006,3.211,2.858
M,4.018,2.924,3.59,4.038,4.648,2.1479999999999997,3.176,5.016,3.195,2.614,2.858,2.363,3.459,4.553,3.758,2.803,4.84,1.799,2.855,2.858
N,2.573,3.039,3.472,3.327,3.024,3.43,3.372,1.066,3.824,2.831,2.363,2.858,2.8899999999999997,1.4,3.74,3.017,3.602,2.066,3.219,2.858
P,-0.29699999999999993,2.748,1.426,2.749,3.782,-0.17599999999999993,3.452,2.31,3.755,3.241,3.459,2.8899999999999997,2.858,4.2330000000000005,3.404,3.147,3.766,2.1870000000000003,2.391,2.858
Q,4.08,2.858,2.858,2.858,2.858,2.858,2.858,2.858,2.858,1.524,4.553,1.4,4.2330000000000005,2.858,2.858,2.858,4.426,2.9059999999999997,2.858,2.858
R,4.284,2.858,2.858,2.858,2.858,2.858,2.858,2.858,2.858,4.085,3.758,3.74,3.404,2.858,2.858,2.858,2.534,2.149,2.858,2.858
S,1.608,2.858,2.858,2.858,2.858,2.858,2.858,2.858,2.858,3.337,2.803,3.017,3.147,2.858,2.858,2.858,2.109,3.189,2.858,2.858
T,3.912,0.971,3.055,4.179,3.9,3.443,4.123,2.489,2.649,3.373,4.84,3.602,3.766,4.426,2.534,2.109,2.858,2.387,1.057,2.858
V,2.878,0.96,2.981,4.0,4.384,1.845,4.998,1.744,4.605,0.43700000000000006,1.799,2.066,2.1870000000000003,2.9059999999999997,2.149,3.189,2.387,2.858,3.821,2.858
W,3.61,2.858,2.858,2.858,2.858,2.858,2.858,2.858,2.858,3.211,2.855,3.219,2.391,2.858,2.858,2.858,1.057,3.821,2.858,2.858
Y,2.858,2.858,2.858,2.858,2.858,2.858,2.858,2.858,2.858,2.858,2.858,2.858,2.858,2.858,2.858,2.858,2.858,2.858,2.858,2.858
