,A,C,D,E,F,G,H,I,K,L,M,N,P,Q,R,S,T,V,W,Y
A,2.995,1.33,2.995,2.995,2.995,2.995,2.995,3.683,2.995,2.242,3.343,2.995,2.995,3.003,2.995,2.834,3.317,2.995,3.239,2.995
C,1.33,2.995,2.942,3.276,3.255,3.327,3.339,2.872,3.286,1.897,3.295,3.573,3.334,3.638,3.305,2.5540000000000003,1.85,0.9410000000000001,3.658,2.995
D,2.995,2.942,2.995,2.995,2.995,2.995,2.995,3.576,2.995,3.107,3.096,2.995,2.995,3.836,2.995,3.196,2.638,2.995,3.34,2.995
E,2.995,3.276,2.995,2.995,2.995,2.995,2.995,3.22,2.995,3.423,3.052,2.995,2.995,3.857,2.995,2.936,3.171,2.995,2.157,2.995
F,2.995,3.255,2.995,2.995,2.995,2.995,2.995,3.454,2.995,3.585,3.271,2.995,2.995,3.463,2.995,2.817,1.859,2.995,3.912,2.995
G,2.995,3.327,2.995,2.995,2.995,2.995,2.995,2.932,2.995,3.057,3.584,2.995,2.995,2.465,2.995,2.8369999999999997,3.605,2.995,3.497,2.995
H,2.995,3.339,2.995,2.995,2.995,2.995,2.995,3.033,2.995,2.771,3.375,2.995,2.995,3.265,2.995,2.919,3.71,2.995,3.368,2.995
I,3.683,2.872,3.576,3.22,3.454,2.932,3.033,2.995,3.373,2.838,3.639,3.136,3.348,2.732,1.6720000000000002,2.166,2.759,2.9219999999999997,3.341,2.995
K,2.995,3.286,2.995,2.995,2.995,2.995,2.995,3.373,2.995,3.34,3.275,2.995,2.995,3.628,2.995,2.691,3.713,2.995,3.349,2.995
L,2.242,1.897,3.107,3.423,3.585,3.057,2.771,2.838,3.34,2.995,2.484,3.827,2.5069999999999997,2.157,3.319,3.233,2.3120000000000003,2.363,3.086,2.995
M,3.343,3.295,3.096,3.052,3.271,3.584,3.375,3.639,3.275,2.484,2.995,2.476,3.781,2.415,3.522,3.086,3.829,2.084,4.015000000000001,2.995
N,2.995,3.573,2.995,2.995,2.995,2.995,2.995,3.136,2.995,3.827,2.476,2.995,2.995,3.495,2.995,2.896,2.617,2.995,3.335,2.995
P,2.995,3.334,2.995,2.995,2.995,2.995,2.995,3.348,2.995,2.5069999999999997,3.781,2.995,2.995,3.763,2.995,3.33,3.761,2.995,3.496,2.995
Q,3.003,3.638,3.836,3.857,3.463,2.465,3.265,2.732,3.628,2.157,2.415,3.495,3.763,2.995,3.588,2.8819999999999997,3.797,2.831,4.061999999999999,2.995
R,2.995,3.305,2.995,2.995,2.995,2.995,2.995,1.6720000000000002,2.995,3.319,3.522,2.995,2.995,3.588,2.995,2.575,3.394,2.995,3.447,2.995
S,2.834,2.5540000000000003,3.196,2.936,2.817,2.8369999999999997,2.919,2.166,2.691,3.233,3.086,2.896,3.33,2.8819999999999997,2.575,2.995,2.92,2.5300000000000002,2.9610000000000003,2.995
T,3.317,1.85,2.638,3.171,1.859,3.605,3.71,2.759,3.713,2.3120000000000003,3.829,2.617,3.761,3.797,3.394,2.92,2.995,3.689,2.9850000000000003,2.995
V,2.995,0.9410000000000001,2.995,2.995,2.995,2.995,2.995,2.9219999999999997,2.995,2.363,2.084,2.995,2.995,2.831,2.995,2.5300000000000002,3.689,2.995,3.597,2.995
W,3.239,3.658,3.34,2.157,3.912,3.497,3.368,3.341,3.349,3.086,4.015000000000001,3.335,3.496,4.061999999999999,3.447,2.9610000000000003,2.9850000000000003,3.597,2.995,2.995
Y,2.995,2.995,2.995,2.995,2.995,2.995,2.995,2.995,2.995,2.995,2.995,2.995,2.995,2.995,2.995,2.995,2.995,2.995,2.995,2.995
