,A,C,D,E,F,G,H,I,K,L,M,N,P,Q,R,S,T,V,W,Y
A,3.72,2.5629999999999997,3.461,3.723,3.529,3.138,3.514,3.343,4.569,3.716,3.673,4.427,2.002,2.918,4.949,2.706,4.332,1.887,4.616,3.72
C,2.5629999999999997,3.72,3.427,3.911,3.974,2.24,3.901,2.8890000000000002,4.1129999999999995,2.0300000000000002,3.107,4.918,3.662,2.7729999999999997,3.306,2.617,2.997,1.091,4.399,3.72
D,3.461,3.427,3.72,4.375,3.493,4.684,4.769,3.018,5.003,2.6639999999999997,4.443,5.352,3.856,5.824,4.648,5.831,2.831,3.273,3.598,3.72
E,3.723,3.911,4.375,3.72,3.086,3.578,4.319,4.5329999999999995,5.214,4.2620000000000005,4.232,3.667,3.867,5.256,4.668,4.756,5.688,3.756,2.524,3.72
F,3.529,3.974,3.493,3.086,3.72,2.3600000000000003,3.384,4.205,4.843999999999999,5.49,5.717,4.112,3.829,3.523,3.307,3.879,3.847,5.204,3.945,3.72
G,3.138,2.24,4.684,3.578,2.3600000000000003,3.72,4.109,2.092,4.383,3.063,2.31,5.199,2.8449999999999998,4.0169999999999995,4.3740000000000006,3.408,3.902,2.064,2.85,3.72
H,3.514,3.901,4.769,4.319,3.384,4.109,3.72,2.659,4.445,2.9619999999999997,4.132,4.615,5.185,5.338,3.399,4.12,4.361000000000001,3.576,4.181,3.72
I,3.343,2.8890000000000002,3.018,4.5329999999999995,4.205,2.092,2.659,3.72,4.415,3.112,4.943,3.08,2.681,2.761,2.5309999999999997,2.073,1.9609999999999999,2.624,4.141,3.72
K,4.569,4.1129999999999995,5.003,5.214,4.843999999999999,4.383,4.445,4.415,3.72,3.825,3.003,4.288,5.532,6.423,5.236,4.676,4.579000000000001,4.088,4.186999999999999,3.72
L,3.716,2.0300000000000002,2.6639999999999997,4.2620000000000005,5.49,3.063,2.9619999999999997,3.112,3.825,3.72,2.649,4.04,2.7190000000000003,2.3369999999999997,3.979,3.403,2.4219999999999997,2.509,4.25,3.72
M,3.673,3.107,4.443,4.232,5.717,2.31,4.132,4.943,3.003,2.649,3.72,3.714,4.029,2.404,2.678,3.411,3.987,2.872,4.726,3.72
N,4.427,4.918,5.352,3.667,4.112,5.199,4.615,3.08,4.288,4.04,3.714,3.72,4.911,5.714,5.437,4.933,3.772,2.749,4.445,3.72
P,2.002,3.662,3.856,3.867,3.829,2.8449999999999998,5.185,2.681,5.532,2.7190000000000003,4.029,4.911,3.72,3.502,4.634,4.85,4.1259999999999994,2.067,3.286,3.72
Q,2.918,2.7729999999999997,5.824,5.256,3.523,4.0169999999999995,5.338,2.761,6.423,2.3369999999999997,2.404,5.714,3.502,3.72,5.405,3.991,3.493,2.3049999999999997,3.605,3.72
R,4.949,3.306,4.648,4.668,3.307,4.3740000000000006,3.399,2.5309999999999997,5.236,3.979,2.678,5.437,4.634,5.405,3.72,4.285,4.542,3.531,4.327,3.72
S,2.706,2.617,5.831,4.756,3.879,3.408,4.12,2.073,4.676,3.403,3.411,4.933,4.85,3.991,4.285,3.72,2.658,2.597,3.694,3.72
T,4.332,2.997,2.831,5.688,3.847,3.902,4.361000000000001,1.9609999999999999,4.579000000000001,2.4219999999999997,3.987,3.772,4.1259999999999994,3.493,4.542,2.658,3.72,1.943,4.239,3.72
V,1.887,1.091,3.273,3.756,5.204,2.064,3.576,2.624,4.088,2.509,2.872,2.749,2.067,2.3049999999999997,3.531,2.597,1.943,3.72,4.9879999999999995,3.72
W,4.616,4.399,3.598,2.524,3.945,2.85,4.181,4.141,4.186999999999999,4.25,4.726,4.445,3.286,3.605,4.327,3.694,4.239,4.9879999999999995,3.72,3.72
Y,3.72,3.72,3.72,3.72,3.72,3.72,3.72,3.72,3.72,3.72,3.72,3.72,3.72,3.72,3.72,3.72,3.72,3.72,3.72,3.72
