,A,C,D,E,F,G,H,I,K,L,M,N,P,Q,R,S,T,V,W,Y
A,3.647,1.923,2.988,4.277,3.223,2.988,3.464,2.974,4.4,3.549,2.901,3.282,1.43,2.984,4.984,2.467,4.193,2.6719999999999997,4.193,3.647
C,1.923,3.647,3.109,3.785,4.8919999999999995,2.479,4.013,2.6559999999999997,3.981,2.04,3.124,4.686999999999999,3.715,2.834,3.399,2.709,2.534,0.858,4.138,3.647
D,2.988,3.109,3.647,5.298,3.199,4.605,4.801,2.7119999999999997,4.0280000000000005,2.535,4.487,5.394,4.1129999999999995,6.093,4.651,6.028,3.3,3.383,3.012,3.647
E,4.277,3.785,5.298,3.647,3.329,3.334,4.295,4.26,4.918,3.932,3.642,3.25,3.491,4.427,4.729,4.285,4.4350000000000005,3.882,3.987,3.647
F,3.223,4.8919999999999995,3.199,3.329,3.647,2.392,3.595,4.382,4.468,5.296,5.082,4.054,3.463,3.335,4.518,3.633,4.091,4.824,3.465,3.647
G,2.988,2.479,4.605,3.334,2.392,3.647,4.175,1.7690000000000001,4.386,3.085,2.427,5.223,2.843,4.584,4.004,3.324,4.311,1.92,2.8129999999999997,3.647
H,3.464,4.013,4.801,4.295,3.595,4.175,3.647,2.4770000000000003,4.338,3.546,3.585,4.409,4.995,6.095,3.368,4.011,4.536,3.802,4.1690000000000005,3.647
I,2.974,2.6559999999999997,2.7119999999999997,4.26,4.382,1.7690000000000001,2.4770000000000003,3.647,4.629,3.275,4.5329999999999995,3.064,2.6,2.702,2.215,2.1639999999999997,2.099,2.637,3.24,3.647
K,4.4,3.981,4.0280000000000005,4.918,4.468,4.386,4.338,4.629,3.647,3.992,2.52,4.545,5.54,6.364,5.258,4.505,4.434,4.369,4.016,3.647
L,3.549,2.04,2.535,3.932,5.296,3.085,3.546,3.275,3.992,3.647,2.982,3.768,2.916,2.403,4.063000000000001,3.307,2.286,2.161,3.956,3.647
M,2.901,3.124,4.487,3.642,5.082,2.427,3.585,4.5329999999999995,2.52,2.982,3.647,3.454,4.63,3.001,2.129,3.212,4.204000000000001,2.536,4.742,3.647
N,3.282,4.686999999999999,5.394,3.25,4.054,5.223,4.409,3.064,4.545,3.768,3.454,3.647,5.018,5.238,5.167,4.886,3.698,2.5300000000000002,4.186,3.647
P,1.43,3.715,4.1129999999999995,3.491,3.463,2.843,4.995,2.6,5.54,2.916,4.63,5.018,3.647,4.932,3.7,4.754,4.619,2.064,3.523,3.647
Q,2.984,2.834,6.093,4.427,3.335,4.584,6.095,2.702,6.364,2.403,3.001,5.238,4.932,3.647,5.008,4.5,4.236000000000001,2.151,3.883,3.647
R,4.984,3.399,4.651,4.729,4.518,4.004,3.368,2.215,5.258,4.063000000000001,2.129,5.167,3.7,5.008,3.647,3.818,4.529,2.877,3.938,3.647
S,2.467,2.709,6.028,4.285,3.633,3.324,4.011,2.1639999999999997,4.505,3.307,3.212,4.886,4.754,4.5,3.818,3.647,2.616,2.613,4.293,3.647
T,4.193,2.534,3.3,4.4350000000000005,4.091,4.311,4.536,2.099,4.434,2.286,4.204000000000001,3.698,4.619,4.236000000000001,4.529,2.616,3.647,2.024,2.801,3.647
V,2.6719999999999997,0.858,3.383,3.882,4.824,1.92,3.802,2.637,4.369,2.161,2.536,2.5300000000000002,2.064,2.151,2.877,2.613,2.024,3.647,4.154999999999999,3.647
W,4.193,4.138,3.012,3.987,3.465,2.8129999999999997,4.1690000000000005,3.24,4.016,3.956,4.742,4.186,3.523,3.883,3.938,4.293,2.801,4.154999999999999,3.647,3.647
Y,3.647,3.647,3.647,3.647,3.647,3.647,3.647,3.647,3.647,3.647,3.647,3.647,3.647,3.647,3.647,3.647,3.647,3.647,3.647,3.647
