,A,C,D,E,F,G,H,I,K,L,M,N,P,Q,R,S,T,V,W,Y
A,2.8529999999999998,2.8529999999999998,2.8529999999999998,4.226,3.037,2.8529999999999998,2.8529999999999998,-2.799,3.802,2.8529999999999998,0.548,4.2940000000000005,2.8529999999999998,2.8529999999999998,2.8529999999999998,2.8529999999999998,2.8529999999999998,2.8529999999999998,2.8529999999999998,2.8529999999999998
C,2.8529999999999998,2.8529999999999998,2.8529999999999998,3.803,4.029,2.8529999999999998,2.8529999999999998,-1.936,3.65,2.8529999999999998,4.602,4.345000000000001,2.8529999999999998,2.8529999999999998,2.8529999999999998,2.8529999999999998,2.8529999999999998,2.8529999999999998,2.8529999999999998,2.8529999999999998
D,2.8529999999999998,2.8529999999999998,2.8529999999999998,-0.4079999999999999,5.254,2.8529999999999998,2.8529999999999998,4.9719999999999995,4.402,2.8529999999999998,3.954,5.13,2.8529999999999998,2.8529999999999998,2.8529999999999998,2.8529999999999998,2.8529999999999998,2.8529999999999998,2.8529999999999998,2.8529999999999998
E,4.226,3.803,-0.4079999999999999,2.8529999999999998,5.398,3.962,4.649,4.8759999999999994,5.453,3.856,4.551,0.556,4.404999999999999,-1.6440000000000001,4.607,4.3260000000000005,4.252,4.1419999999999995,4.0920000000000005,2.8529999999999998
F,3.037,4.029,5.254,5.398,2.8529999999999998,2.73,3.518,1.178,3.861,4.7829999999999995,5.201,3.591,3.477,3.697,3.013,3.458,3.711,3.829,4.506,2.8529999999999998
G,2.8529999999999998,2.8529999999999998,2.8529999999999998,3.962,2.73,2.8529999999999998,2.8529999999999998,0.16400000000000003,4.12,2.8529999999999998,3.672,4.5969999999999995,2.8529999999999998,2.8529999999999998,2.8529999999999998,2.8529999999999998,2.8529999999999998,2.8529999999999998,2.8529999999999998,2.8529999999999998
H,2.8529999999999998,2.8529999999999998,2.8529999999999998,4.649,3.518,2.8529999999999998,2.8529999999999998,2.776,4.484,2.8529999999999998,4.4350000000000005,4.96,2.8529999999999998,2.8529999999999998,2.8529999999999998,2.8529999999999998,2.8529999999999998,2.8529999999999998,2.8529999999999998,2.8529999999999998
I,-2.799,-1.936,4.9719999999999995,4.8759999999999994,1.178,0.16400000000000003,2.776,2.8529999999999998,4.929,1.909,-0.377,2.351,1.3679999999999999,5.26,3.002,-0.020000000000000018,-1.9,1.474,1.952,2.8529999999999998
K,3.802,3.65,4.402,5.453,3.861,4.12,4.484,4.929,2.8529999999999998,3.985,4.8260000000000005,1.647,4.1739999999999995,5.235,5.321,4.302,4.388,3.941,3.901,2.8529999999999998
L,2.8529999999999998,2.8529999999999998,2.8529999999999998,3.856,4.7829999999999995,2.8529999999999998,2.8529999999999998,1.909,3.985,2.8529999999999998,2.027,3.99,2.8529999999999998,2.8529999999999998,2.8529999999999998,2.8529999999999998,2.8529999999999998,2.8529999999999998,2.8529999999999998,2.8529999999999998
M,0.548,4.602,3.954,4.551,5.201,3.672,4.4350000000000005,-0.377,4.8260000000000005,2.027,2.8529999999999998,4.651,4.446,1.357,3.854,4.223,-0.42399999999999993,-0.8420000000000001,4.3,2.8529999999999998
N,4.2940000000000005,4.345000000000001,5.13,0.556,3.591,4.5969999999999995,4.96,2.351,1.647,3.99,4.651,2.8529999999999998,4.287,4.785,4.656000000000001,4.561,3.926,3.902,3.936,2.8529999999999998
P,2.8529999999999998,2.8529999999999998,2.8529999999999998,4.404999999999999,3.477,2.8529999999999998,2.8529999999999998,1.3679999999999999,4.1739999999999995,2.8529999999999998,4.446,4.287,2.8529999999999998,2.8529999999999998,2.8529999999999998,2.8529999999999998,2.8529999999999998,2.8529999999999998,2.8529999999999998,2.8529999999999998
Q,2.8529999999999998,2.8529999999999998,2.8529999999999998,-1.6440000000000001,3.697,2.8529999999999998,2.8529999999999998,5.26,5.235,2.8529999999999998,1.357,4.785,2.8529999999999998,2.8529999999999998,2.8529999999999998,2.8529999999999998,2.8529999999999998,2.8529999999999998,2.8529999999999998,2.8529999999999998
R,2.8529999999999998,2.8529999999999998,2.8529999999999998,4.607,3.013,2.8529999999999998,2.8529999999999998,3.002,5.321,2.8529999999999998,3.854,4.656000000000001,2.8529999999999998,2.8529999999999998,2.8529999999999998,2.8529999999999998,2.8529999999999998,2.8529999999999998,2.8529999999999998,2.8529999999999998
S,2.8529999999999998,2.8529999999999998,2.8529999999999998,4.3260000000000005,3.458,2.8529999999999998,2.8529999999999998,-0.020000000000000018,4.302,2.8529999999999998,4.223,4.561,2.8529999999999998,2.8529999999999998,2.8529999999999998,2.8529999999999998,2.8529999999999998,2.8529999999999998,2.8529999999999998,2.8529999999999998
T,2.8529999999999998,2.8529999999999998,2.8529999999999998,4.252,3.711,2.8529999999999998,2.8529999999999998,-1.9,4.388,2.8529999999999998,-0.42399999999999993,3.926,2.8529999999999998,2.8529999999999998,2.8529999999999998,2.8529999999999998,2.8529999999999998,2.8529999999999998,2.8529999999999998,2.8529999999999998
V,2.8529999999999998,2.8529999999999998,2.8529999999999998,4.1419999999999995,3.829,2.8529999999999998,2.8529999999999998,1.474,3.941,2.8529999999999998,-0.8420000000000001,3.902,2.8529999999999998,2.8529999999999998,2.8529999999999998,2.8529999999999998,2.8529999999999998,2.8529999999999998,2.8529999999999998,2.8529999999999998
W,2.8529999999999998,2.8529999999999998,2.8529999999999998,4.0920000000000005,4.506,2.8529999999999998,2.8529999999999998,1.952,3.901,2.8529999999999998,4.3,3.936,2.8529999999999998,2.8529999999999998,2.8529999999999998,2.8529999999999998,2.8529999999999998,2.8529999999999998,2.8529999999999998,2.8529999999999998
Y,2.8529999999999998,2.8529999999999998,2.8529999999999998,2.8529999999999998,2.8529999999999998,2.8529999999999998,2.8529999999999998,2.8529999999999998,2.8529999999999998,2.8529999999999998,2.8529999999999998,2.8529999999999998,2.8529999999999998,2.8529999999999998,2.8529999999999998,2.8529999999999998,2.8529999999999998,2.8529999999999998,2.8529999999999998,2.8529999999999998
