,A,C,D,E,F,G,H,I,K,L,M,N,P,Q,R,S,T,V,W,Y
A,2.9690000000000003,1.755,2.9690000000000003,2.9690000000000003,2.9690000000000003,2.9690000000000003,2.9690000000000003,3.578,2.9690000000000003,2.44,3.434,2.9690000000000003,2.9690000000000003,2.874,2.9690000000000003,2.84,3.119,2.9690000000000003,3.361,2.9690000000000003
C,1.755,2.9690000000000003,3.149,3.08,3.435,3.171,3.148,2.287,3.148,1.808,2.5949999999999998,3.351,2.904,3.024,3.367,1.96,1.952,1.569,3.655,2.9690000000000003
D,2.9690000000000003,3.149,2.9690000000000003,2.9690000000000003,2.9690000000000003,2.9690000000000003,2.9690000000000003,3.502,2.9690000000000003,2.682,3.577,2.9690000000000003,2.9690000000000003,3.747,2.9690000000000003,3.364,2.423,2.9690000000000003,3.26,2.9690000000000003
E,2.9690000000000003,3.08,2.9690000000000003,2.9690000000000003,2.9690000000000003,2.9690000000000003,2.9690000000000003,3.106,2.9690000000000003,3.792,3.245,2.9690000000000003,2.9690000000000003,3.453,2.9690000000000003,3.03,3.529,2.9690000000000003,2.0620000000000003,2.9690000000000003
F,2.9690000000000003,3.435,2.9690000000000003,2.9690000000000003,2.9690000000000003,2.9690000000000003,2.9690000000000003,3.423,2.9690000000000003,3.289,3.391,2.9690000000000003,2.9690000000000003,1.825,2.9690000000000003,2.644,1.7890000000000001,2.9690000000000003,4.003,2.9690000000000003
G,2.9690000000000003,3.171,2.9690000000000003,2.9690000000000003,2.9690000000000003,2.9690000000000003,2.9690000000000003,3.171,2.9690000000000003,2.4859999999999998,3.569,2.9690000000000003,2.9690000000000003,2.5460000000000003,2.9690000000000003,2.774,3.379,2.9690000000000003,3.448,2.9690000000000003
H,2.9690000000000003,3.148,2.9690000000000003,2.9690000000000003,2.9690000000000003,2.9690000000000003,2.9690000000000003,2.8120000000000003,2.9690000000000003,3.637,3.182,2.9690000000000003,2.9690000000000003,3.782,2.9690000000000003,2.708,3.731,2.9690000000000003,3.569,2.9690000000000003
I,3.578,2.287,3.502,3.106,3.423,3.171,2.8120000000000003,2.9690000000000003,3.198,2.1180000000000003,3.591,3.118,2.963,2.858,1.897,2.627,2.472,2.917,3.541,2.9690000000000003
K,2.9690000000000003,3.148,2.9690000000000003,2.9690000000000003,2.9690000000000003,2.9690000000000003,2.9690000000000003,3.198,2.9690000000000003,3.298,2.449,2.9690000000000003,2.9690000000000003,3.755,2.9690000000000003,2.8369999999999997,3.494,2.9690000000000003,3.405,2.9690000000000003
L,2.44,1.808,2.682,3.792,3.289,2.4859999999999998,3.637,2.1180000000000003,3.298,2.9690000000000003,2.246,3.893,2.633,2.71,3.514,2.916,2.6870000000000003,2.513,2.748,2.9690000000000003
M,3.434,2.5949999999999998,3.577,3.245,3.391,3.569,3.182,3.591,2.449,2.246,2.9690000000000003,3.55,3.444,2.56,3.071,3.708,3.111,2.4219999999999997,4.047000000000001,2.9690000000000003
N,2.9690000000000003,3.351,2.9690000000000003,2.9690000000000003,2.9690000000000003,2.9690000000000003,2.9690000000000003,3.118,2.9690000000000003,3.893,3.55,2.9690000000000003,2.9690000000000003,3.372,2.9690000000000003,2.9610000000000003,3.197,2.9690000000000003,3.338,2.9690000000000003
P,2.9690000000000003,2.904,2.9690000000000003,2.9690000000000003,2.9690000000000003,2.9690000000000003,2.9690000000000003,2.963,2.9690000000000003,2.633,3.444,2.9690000000000003,2.9690000000000003,3.537,2.9690000000000003,3.316,3.595,2.9690000000000003,3.433,2.9690000000000003
Q,2.874,3.024,3.747,3.453,1.825,2.5460000000000003,3.782,2.858,3.755,2.71,2.56,3.372,3.537,2.9690000000000003,3.951,2.838,3.296,3.057,2.983,2.9690000000000003
R,2.9690000000000003,3.367,2.9690000000000003,2.9690000000000003,2.9690000000000003,2.9690000000000003,2.9690000000000003,1.897,2.9690000000000003,3.514,3.071,2.9690000000000003,2.9690000000000003,3.951,2.9690000000000003,2.7350000000000003,3.785,2.9690000000000003,3.405,2.9690000000000003
S,2.84,1.96,3.364,3.03,2.644,2.774,2.708,2.627,2.8369999999999997,2.916,3.708,2.9610000000000003,3.316,2.838,2.7350000000000003,2.9690000000000003,3.414,2.347,3.144,2.9690000000000003
T,3.119,1.952,2.423,3.529,1.7890000000000001,3.379,3.731,2.472,3.494,2.6870000000000003,3.111,3.197,3.595,3.296,3.785,3.414,2.9690000000000003,3.118,3.532,2.9690000000000003
V,2.9690000000000003,1.569,2.9690000000000003,2.9690000000000003,2.9690000000000003,2.9690000000000003,2.9690000000000003,2.917,2.9690000000000003,2.513,2.4219999999999997,2.9690000000000003,2.9690000000000003,3.057,2.9690000000000003,2.347,3.118,2.9690000000000003,3.518,2.9690000000000003
W,3.361,3.655,3.26,2.0620000000000003,4.003,3.448,3.569,3.541,3.405,2.748,4.047000000000001,3.338,3.433,2.983,3.405,3.144,3.532,3.518,2.9690000000000003,2.9690000000000003
Y,2.9690000000000003,2.9690000000000003,2.9690000000000003,2.9690000000000003,2.9690000000000003,2.9690000000000003,2.9690000000000003,2.9690000000000003,2.9690000000000003,2.9690000000000003,2.9690000000000003,2.9690000000000003,2.9690000000000003,2.9690000000000003,2.9690000000000003,2.9690000000000003,2.9690000000000003,2.9690000000000003,2.9690000000000003,2.9690000000000003
