,A,C,D,E,F,G,H,I,K,L,M,N,P,Q,R,S,T,V,W,Y
A,2.742,2.742,2.856,2.742,2.3819999999999997,2.742,2.742,3.221,2.742,2.742,2.867,2.742,3.601,2.123,2.742,2.638,2.742,2.351,2.742,2.742
C,2.742,2.742,2.3049999999999997,2.742,1.712,2.742,2.742,3.383,2.742,2.742,3.457,2.742,3.299,1.874,2.742,2.528,2.742,1.123,2.742,2.742
D,2.856,2.3049999999999997,2.742,3.336,2.585,3.359,3.213,1.877,2.891,1.96,3.37,2.476,3.144,3.598,2.942,3.703,3.802,3.659,2.917,2.742
E,2.742,2.742,3.336,2.742,2.077,2.742,2.742,3.064,2.742,2.742,2.537,2.742,1.453,3.621,2.742,2.5220000000000002,2.742,2.367,2.742,2.742
F,2.3819999999999997,1.712,2.585,2.077,2.742,2.7199999999999998,2.516,3.174,3.422,3.917,3.116,3.117,2.473,3.344,2.081,3.254,3.029,2.607,2.2960000000000003,2.742
G,2.742,2.742,3.359,2.742,2.7199999999999998,2.742,2.742,2.855,2.742,2.742,1.958,2.742,3.412,3.585,2.742,2.476,2.742,2.0069999999999997,2.742,2.742
H,2.742,2.742,3.213,2.742,2.516,2.742,2.742,1.446,2.742,2.742,2.625,2.742,3.595,2.7439999999999998,2.742,2.4610000000000003,2.742,1.74,2.742,2.742
I,3.221,3.383,1.877,3.064,3.174,2.855,1.446,2.742,2.995,2.31,3.309,3.081,3.222,3.453,3.075,2.686,3.296,2.508,2.674,2.742
K,2.742,2.742,2.891,2.742,3.422,2.742,2.742,2.995,2.742,2.742,2.269,2.742,3.599,3.552,2.742,2.593,2.742,2.593,2.742,2.742
L,2.742,2.742,1.96,2.742,3.917,2.742,2.742,2.31,2.742,2.742,2.6870000000000003,2.742,3.302,2.742,2.742,2.42,2.742,2.55,2.742,2.742
M,2.867,3.457,3.37,2.537,3.116,1.958,2.625,3.309,2.269,2.6870000000000003,2.742,3.096,3.926,1.7650000000000001,2.194,1.5350000000000001,2.504,3.213,3.464,2.742
N,2.742,2.742,2.476,2.742,3.117,2.742,2.742,3.081,2.742,2.742,3.096,2.742,3.256,3.756,2.742,2.615,2.742,2.966,2.742,2.742
P,3.601,3.299,3.144,1.453,2.473,3.412,3.595,3.222,3.599,3.302,3.926,3.256,2.742,2.724,3.232,3.645,3.635,3.243,1.771,2.742
Q,2.123,1.874,3.598,3.621,3.344,3.585,2.7439999999999998,3.453,3.552,2.742,1.7650000000000001,3.756,2.724,2.742,3.803,3.0,2.8440000000000003,3.109,2.776,2.742
R,2.742,2.742,2.942,2.742,2.081,2.742,2.742,3.075,2.742,2.742,2.194,2.742,3.232,3.803,2.742,2.9610000000000003,2.742,3.663,2.742,2.742
S,2.638,2.528,3.703,2.5220000000000002,3.254,2.476,2.4610000000000003,2.686,2.593,2.42,1.5350000000000001,2.615,3.645,3.0,2.9610000000000003,2.742,2.65,2.058,2.476,2.742
T,2.742,2.742,3.802,2.742,3.029,2.742,2.742,3.296,2.742,2.742,2.504,2.742,3.635,2.8440000000000003,2.742,2.65,2.742,2.043,2.742,2.742
V,2.351,1.123,3.659,2.367,2.607,2.0069999999999997,1.74,2.508,2.593,2.55,3.213,2.966,3.243,3.109,3.663,2.058,2.043,2.742,4.177,2.742
W,2.742,2.742,2.917,2.742,2.2960000000000003,2.742,2.742,2.674,2.742,2.742,3.464,2.742,1.771,2.776,2.742,2.476,2.742,4.177,2.742,2.742
Y,2.742,2.742,2.742,2.742,2.742,2.742,2.742,2.742,2.742,2.742,2.742,2.742,2.742,2.742,2.742,2.742,2.742,2.742,2.742,2.742
