,A,C,D,E,F,G,H,I,K,L,M,N,P,Q,R,S,T,V,W,Y
A,2.96,2.0220000000000002,3.44,3.843,4.04,1.764,3.727,2.9050000000000002,3.749,3.475,3.884,3.584,1.416,3.769,4.215,1.772,4.023,2.237,4.087,2.96
C,2.0220000000000002,2.96,2.96,2.96,2.96,2.96,2.96,2.96,2.96,1.099,3.189,3.355,2.94,2.96,2.96,2.96,1.3780000000000001,1.876,2.96,2.96
D,3.44,2.96,2.96,2.96,2.96,2.96,2.96,2.96,2.96,2.572,3.419,2.9930000000000003,1.56,2.96,2.96,2.96,1.839,2.7030000000000003,2.96,2.96
E,3.843,2.96,2.96,2.96,2.96,2.96,2.96,2.96,2.96,3.032,3.996,3.536,2.841,2.96,2.96,2.96,4.478,3.617,2.96,2.96
F,4.04,2.96,2.96,2.96,2.96,2.96,2.96,2.96,2.96,3.538,4.574,3.443,3.958,2.96,2.96,2.96,4.27,5.721,2.96,2.96
G,1.764,2.96,2.96,2.96,2.96,2.96,2.96,2.96,2.96,3.107,2.048,3.021,0.44199999999999995,2.96,2.96,2.96,2.5469999999999997,2.3,2.96,2.96
H,3.727,2.96,2.96,2.96,2.96,2.96,2.96,2.96,2.96,3.165,3.106,3.711,3.796,2.96,2.96,2.96,3.559,4.495,2.96,2.96
I,2.9050000000000002,2.96,2.96,2.96,2.96,2.96,2.96,2.96,2.96,2.359,4.929,1.06,2.612,2.96,2.96,2.96,3.352,1.97,2.96,2.96
K,3.749,2.96,2.96,2.96,2.96,2.96,2.96,2.96,2.96,3.065,3.254,3.848,3.708,2.96,2.96,2.96,2.41,4.275,2.96,2.96
L,3.475,1.099,2.572,3.032,3.538,3.107,3.165,2.359,3.065,2.96,2.699,2.55,2.901,1.001,3.618,3.465,3.542,1.034,3.461,2.96
M,3.884,3.189,3.419,3.996,4.574,2.048,3.106,4.929,3.254,2.699,2.96,2.408,3.255,4.4239999999999995,3.978,2.9690000000000003,4.114,2.686,3.564,2.96
N,3.584,3.355,2.9930000000000003,3.536,3.443,3.021,3.711,1.06,3.848,2.55,2.408,2.96,2.783,2.081,3.774,3.681,3.88,2.1559999999999997,3.502,2.96
P,1.416,2.94,1.56,2.841,3.958,0.44199999999999995,3.796,2.612,3.708,2.901,3.255,2.783,2.96,3.766,3.986,3.1,4.003,2.225,1.992,2.96
Q,3.769,2.96,2.96,2.96,2.96,2.96,2.96,2.96,2.96,1.001,4.4239999999999995,2.081,3.766,2.96,2.96,2.96,4.209,2.411,2.96,2.96
R,4.215,2.96,2.96,2.96,2.96,2.96,2.96,2.96,2.96,3.618,3.978,3.774,3.986,2.96,2.96,2.96,2.565,2.692,2.96,2.96
S,1.772,2.96,2.96,2.96,2.96,2.96,2.96,2.96,2.96,3.465,2.9690000000000003,3.681,3.1,2.96,2.96,2.96,2.287,3.17,2.96,2.96
T,4.023,1.3780000000000001,1.839,4.478,4.27,2.5469999999999997,3.559,3.352,2.41,3.542,4.114,3.88,4.003,4.209,2.565,2.287,2.96,2.2889999999999997,2.041,2.96
V,2.237,1.876,2.7030000000000003,3.617,5.721,2.3,4.495,1.97,4.275,1.034,2.686,2.1559999999999997,2.225,2.411,2.692,3.17,2.2889999999999997,2.96,4.307,2.96
W,4.087,2.96,2.96,2.96,2.96,2.96,2.96,2.96,2.96,3.461,3.564,3.502,1.992,2.96,2.96,2.96,2.041,4.307,2.96,2.96
Y,2.96,2.96,2.96,2.96,2.96,2.96,2.96,2.96,2.96,2.96,2.96,2.96,2.96,2.96,2.96,2.96,2.96,2.96,2.96,2.96
