,A,C,D,E,F,G,H,I,K,L,M,N,P,Q,R,S,T,V,W,Y
A,3.697,2.66,2.867,3.495,3.558,2.867,3.585,2.556,5.063,3.858,3.26,3.26,2.424,3.016,4.961,3.138,4.156000000000001,2.29,4.529999999999999,3.697
C,2.66,3.697,3.893,4.01,4.069,3.599,4.077999999999999,3.085,4.115,2.822,3.015,4.646,3.974,3.185,2.9450000000000003,2.208,2.998,0.871,4.207,3.697
D,2.867,3.893,3.697,4.868,3.38,4.575,4.84,3.118,4.216,3.016,4.202,4.904,3.74,6.19,4.281000000000001,5.461,3.008,4.567,3.637,3.697
E,3.495,4.01,4.868,3.697,3.291,4.032,3.919,4.6240000000000006,5.154,3.656,4.371,3.896,3.414,4.939,4.522,4.644,5.247,3.5,2.907,3.697
F,3.558,4.069,3.38,3.291,3.697,2.613,3.624,4.26,4.7940000000000005,5.535,5.476,4.388,3.464,4.123,3.242,3.518,3.611,5.463,3.8,3.697
G,2.867,3.599,4.575,4.032,2.613,3.697,4.231,2.3689999999999998,4.2010000000000005,3.325,2.558,5.082,2.651,4.2,4.33,2.863,3.911,1.958,3.2,3.697
H,3.585,4.077999999999999,4.84,3.919,3.624,4.231,3.697,3.676,4.361000000000001,2.669,4.390000000000001,5.212,5.119,5.922,3.844,4.121,4.536,2.923,3.929,3.697
I,2.556,3.085,3.118,4.6240000000000006,4.26,2.3689999999999998,3.676,3.697,5.036,3.199,4.862,3.657,2.718,3.135,2.136,2.186,2.325,2.44,3.223,3.697
K,5.063,4.115,4.216,5.154,4.7940000000000005,4.2010000000000005,4.361000000000001,5.036,3.697,4.699,2.533,4.32,5.266,5.745,5.342,4.3580000000000005,4.884,4.907,4.117,3.697
L,3.858,2.822,3.016,3.656,5.535,3.325,2.669,3.199,4.699,3.697,2.592,3.83,2.956,2.2809999999999997,3.977,3.292,1.94,2.107,4.593,3.697
M,3.26,3.015,4.202,4.371,5.476,2.558,4.390000000000001,4.862,2.533,2.592,3.697,3.343,3.82,2.127,2.646,2.464,4.307,3.346,4.753,3.697
N,3.26,4.646,4.904,3.896,4.388,5.082,5.212,3.657,4.32,3.83,3.343,3.697,4.781000000000001,4.553,4.545999999999999,5.192,3.853,2.25,4.291,3.697
P,2.424,3.974,3.74,3.414,3.464,2.651,5.119,2.718,5.266,2.956,3.82,4.781000000000001,3.697,3.915,3.993,4.526,4.506,1.9649999999999999,3.881,3.697
Q,3.016,3.185,6.19,4.939,4.123,4.2,5.922,3.135,5.745,2.2809999999999997,2.127,4.553,3.915,3.697,4.789,4.377,4.006,2.041,4.058,3.697
R,4.961,2.9450000000000003,4.281000000000001,4.522,3.242,4.33,3.844,2.136,5.342,3.977,2.646,4.545999999999999,3.993,4.789,3.697,4.208,4.516,2.652,4.234,3.697
S,3.138,2.208,5.461,4.644,3.518,2.863,4.121,2.186,4.3580000000000005,3.292,2.464,5.192,4.526,4.377,4.208,3.697,2.373,2.415,4.172000000000001,3.697
T,4.156000000000001,2.998,3.008,5.247,3.611,3.911,4.536,2.325,4.884,1.94,4.307,3.853,4.506,4.006,4.516,2.373,3.697,1.763,3.342,3.697
V,2.29,0.871,4.567,3.5,5.463,1.958,2.923,2.44,4.907,2.107,3.346,2.25,1.9649999999999999,2.041,2.652,2.415,1.763,3.697,4.554,3.697
W,4.529999999999999,4.207,3.637,2.907,3.8,3.2,3.929,3.223,4.117,4.593,4.753,4.291,3.881,4.058,4.234,4.172000000000001,3.342,4.554,3.697,3.697
Y,3.697,3.697,3.697,3.697,3.697,3.697,3.697,3.697,3.697,3.697,3.697,3.697,3.697,3.697,3.697,3.697,3.697,3.697,3.697,3.697
