,A,C,D,E,F,G,H,I,K,L,M,N,P,Q,R,S,T,V,W,Y
A,2.7969999999999997,1.877,3.253,3.102,3.787,2.1479999999999997,3.75,3.274,4.168,2.433,4.164,2.3520000000000003,0.372,3.754,4.164,1.921,3.861,1.6440000000000001,4.229,2.7969999999999997
C,1.877,2.7969999999999997,2.7969999999999997,2.7969999999999997,2.7969999999999997,2.7969999999999997,2.7969999999999997,2.7969999999999997,2.7969999999999997,0.5720000000000001,2.956,2.4290000000000003,2.357,2.7969999999999997,2.7969999999999997,2.7969999999999997,0.788,-0.06400000000000006,2.7969999999999997,2.7969999999999997
D,3.253,2.7969999999999997,2.7969999999999997,2.7969999999999997,2.7969999999999997,2.7969999999999997,2.7969999999999997,2.7969999999999997,2.7969999999999997,2.707,3.626,3.421,0.585,2.7969999999999997,2.7969999999999997,2.7969999999999997,2.01,2.58,2.7969999999999997,2.7969999999999997
E,3.102,2.7969999999999997,2.7969999999999997,2.7969999999999997,2.7969999999999997,2.7969999999999997,2.7969999999999997,2.7969999999999997,2.7969999999999997,2.833,4.08,2.893,2.423,2.7969999999999997,2.7969999999999997,2.7969999999999997,3.916,3.887,2.7969999999999997,2.7969999999999997
F,3.787,2.7969999999999997,2.7969999999999997,2.7969999999999997,2.7969999999999997,2.7969999999999997,2.7969999999999997,2.7969999999999997,2.7969999999999997,3.283,4.096,3.275,3.68,2.7969999999999997,2.7969999999999997,2.7969999999999997,4.351,5.184,2.7969999999999997,2.7969999999999997
G,2.1479999999999997,2.7969999999999997,2.7969999999999997,2.7969999999999997,2.7969999999999997,2.7969999999999997,2.7969999999999997,2.7969999999999997,2.7969999999999997,2.964,3.583,3.536,0.04600000000000004,2.7969999999999997,2.7969999999999997,2.7969999999999997,1.804,3.464,2.7969999999999997,2.7969999999999997
H,3.75,2.7969999999999997,2.7969999999999997,2.7969999999999997,2.7969999999999997,2.7969999999999997,2.7969999999999997,2.7969999999999997,2.7969999999999997,3.137,3.229,3.735,2.935,2.7969999999999997,2.7969999999999997,2.7969999999999997,3.419,4.521,2.7969999999999997,2.7969999999999997
I,3.274,2.7969999999999997,2.7969999999999997,2.7969999999999997,2.7969999999999997,2.7969999999999997,2.7969999999999997,2.7969999999999997,2.7969999999999997,2.6029999999999998,4.877,0.999,2.939,2.7969999999999997,2.7969999999999997,2.7969999999999997,1.984,1.306,2.7969999999999997,2.7969999999999997
K,4.168,2.7969999999999997,2.7969999999999997,2.7969999999999997,2.7969999999999997,2.7969999999999997,2.7969999999999997,2.7969999999999997,2.7969999999999997,3.446,3.304,3.923,3.821,2.7969999999999997,2.7969999999999997,2.7969999999999997,2.635,4.086,2.7969999999999997,2.7969999999999997
L,2.433,0.5720000000000001,2.707,2.833,3.283,2.964,3.137,2.6029999999999998,3.446,2.7969999999999997,2.0060000000000002,2.5869999999999997,3.489,0.604,4.15,3.417,2.7039999999999997,0.17700000000000005,3.096,2.7969999999999997
M,4.164,2.956,3.626,4.08,4.096,3.583,3.229,4.877,3.304,2.0060000000000002,2.7969999999999997,2.689,3.137,4.5600000000000005,4.247,2.851,4.473,2.365,3.563,2.7969999999999997
N,2.3520000000000003,2.4290000000000003,3.421,2.893,3.275,3.536,3.735,0.999,3.923,2.5869999999999997,2.689,2.7969999999999997,3.848,1.654,3.675,3.681,2.932,1.9929999999999999,2.987,2.7969999999999997
P,0.372,2.357,0.585,2.423,3.68,0.04600000000000004,2.935,2.939,3.821,3.489,3.137,3.848,2.7969999999999997,4.161,3.777,1.7269999999999999,4.45,2.216,1.933,2.7969999999999997
Q,3.754,2.7969999999999997,2.7969999999999997,2.7969999999999997,2.7969999999999997,2.7969999999999997,2.7969999999999997,2.7969999999999997,2.7969999999999997,0.604,4.5600000000000005,1.654,4.161,2.7969999999999997,2.7969999999999997,2.7969999999999997,4.641,2.442,2.7969999999999997,2.7969999999999997
R,4.164,2.7969999999999997,2.7969999999999997,2.7969999999999997,2.7969999999999997,2.7969999999999997,2.7969999999999997,2.7969999999999997,2.7969999999999997,4.15,4.247,3.675,3.777,2.7969999999999997,2.7969999999999997,2.7969999999999997,2.638,1.9929999999999999,2.7969999999999997,2.7969999999999997
S,1.921,2.7969999999999997,2.7969999999999997,2.7969999999999997,2.7969999999999997,2.7969999999999997,2.7969999999999997,2.7969999999999997,2.7969999999999997,3.417,2.851,3.681,1.7269999999999999,2.7969999999999997,2.7969999999999997,2.7969999999999997,1.756,2.6310000000000002,2.7969999999999997,2.7969999999999997
T,3.861,0.788,2.01,3.916,4.351,1.804,3.419,1.984,2.635,2.7039999999999997,4.473,2.932,4.45,4.641,2.638,1.756,2.7969999999999997,2.8609999999999998,0.9319999999999999,2.7969999999999997
V,1.6440000000000001,-0.06400000000000006,2.58,3.887,5.184,3.464,4.521,1.306,4.086,0.17700000000000005,2.365,1.9929999999999999,2.216,2.442,1.9929999999999999,2.6310000000000002,2.8609999999999998,2.7969999999999997,3.839,2.7969999999999997
W,4.229,2.7969999999999997,2.7969999999999997,2.7969999999999997,2.7969999999999997,2.7969999999999997,2.7969999999999997,2.7969999999999997,2.7969999999999997,3.096,3.563,2.987,1.933,2.7969999999999997,2.7969999999999997,2.7969999999999997,0.9319999999999999,3.839,2.7969999999999997,2.7969999999999997
Y,2.7969999999999997,2.7969999999999997,2.7969999999999997,2.7969999999999997,2.7969999999999997,2.7969999999999997,2.7969999999999997,2.7969999999999997,2.7969999999999997,2.7969999999999997,2.7969999999999997,2.7969999999999997,2.7969999999999997,2.7969999999999997,2.7969999999999997,2.7969999999999997,2.7969999999999997,2.7969999999999997,2.7969999999999997,2.7969999999999997
