,A,C,D,E,F,G,H,I,K,L,M,N,P,Q,R,S,T,V,W,Y
A,3.375,3.375,3.375,4.482,2.141,3.375,3.375,2.473,3.968,2.544,3.375,4.688000000000001,3.375,3.375,3.375,5.822,3.375,3.375,3.375,3.375
C,3.375,3.375,3.375,3.68,0.76,3.375,3.375,2.8609999999999998,3.022,2.7720000000000002,3.375,5.58,3.375,3.375,3.375,4.809,3.375,3.375,3.375,3.375
D,3.375,3.375,3.375,4.745,1.9340000000000002,3.375,3.375,2.293,4.8469999999999995,1.94,3.375,8.338000000000001,3.375,3.375,3.375,3.714,3.375,3.375,3.375,3.375
E,4.482,3.68,4.745,3.375,3.485,2.1109999999999998,5.005,3.046,6.848,3.381,3.608,6.065,4.854,7.662,5.933,5.441,5.798,5.643,4.91,3.375
F,2.141,0.76,1.9340000000000002,3.485,3.375,2.955,1.064,5.579,3.521,2.741,2.2560000000000002,3.461,3.746,2.347,3.09,4.064,1.9889999999999999,2.5069999999999997,4.225,3.375
G,3.375,3.375,3.375,2.1109999999999998,2.955,3.375,3.375,1.779,2.41,0.948,3.375,6.202,3.375,3.375,3.375,3.223,3.375,3.375,3.375,3.375
H,3.375,3.375,3.375,5.005,1.064,3.375,3.375,2.1799999999999997,2.138,-0.365,3.375,7.104,3.375,3.375,3.375,3.127,3.375,3.375,3.375,3.375
I,2.473,2.8609999999999998,2.293,3.046,5.579,1.779,2.1799999999999997,3.375,1.9,2.8680000000000003,4.305,2.374,1.5190000000000001,2.425,3.366,2.936,3.437,2.857,2.5789999999999997,3.375
K,3.968,3.022,4.8469999999999995,6.848,3.521,2.41,2.138,1.9,3.375,1.936,3.798,5.0,3.145,8.940999999999999,3.264,3.207,4.0120000000000005,1.947,1.365,3.375
L,2.544,2.7720000000000002,1.94,3.381,2.741,0.948,-0.365,2.8680000000000003,1.936,3.375,5.383,1.75,0.91,2.113,1.458,3.218,1.928,4.415,2.484,3.375
M,3.375,3.375,3.375,3.608,2.2560000000000002,3.375,3.375,4.305,3.798,5.383,3.375,5.821,3.375,3.375,3.375,4.269,3.375,3.375,3.375,3.375
N,4.688000000000001,5.58,8.338000000000001,6.065,3.461,6.202,7.104,2.374,5.0,1.75,5.821,3.375,5.506,9.112,4.573,9.377,8.283999999999999,3.749,3.858,3.375
P,3.375,3.375,3.375,4.854,3.746,3.375,3.375,1.5190000000000001,3.145,0.91,3.375,5.506,3.375,3.375,3.375,4.745,3.375,3.375,3.375,3.375
Q,3.375,3.375,3.375,7.662,2.347,3.375,3.375,2.425,8.940999999999999,2.113,3.375,9.112,3.375,3.375,3.375,4.7219999999999995,3.375,3.375,3.375,3.375
R,3.375,3.375,3.375,5.933,3.09,3.375,3.375,3.366,3.264,1.458,3.375,4.573,3.375,3.375,3.375,3.609,3.375,3.375,3.375,3.375
S,5.822,4.809,3.714,5.441,4.064,3.223,3.127,2.936,3.207,3.218,4.269,9.377,4.745,4.7219999999999995,3.609,3.375,6.585,3.782,3.287,3.375
T,3.375,3.375,3.375,5.798,1.9889999999999999,3.375,3.375,3.437,4.0120000000000005,1.928,3.375,8.283999999999999,3.375,3.375,3.375,6.585,3.375,3.375,3.375,3.375
V,3.375,3.375,3.375,5.643,2.5069999999999997,3.375,3.375,2.857,1.947,4.415,3.375,3.749,3.375,3.375,3.375,3.782,3.375,3.375,3.375,3.375
W,3.375,3.375,3.375,4.91,4.225,3.375,3.375,2.5789999999999997,1.365,2.484,3.375,3.858,3.375,3.375,3.375,3.287,3.375,3.375,3.375,3.375
Y,3.375,3.375,3.375,3.375,3.375,3.375,3.375,3.375,3.375,3.375,3.375,3.375,3.375,3.375,3.375,3.375,3.375,3.375,3.375,3.375
