,A,C,D,E,F,G,H,I,K,L,M,N,P,Q,R,S,T,V,W,Y
A,2.9450000000000003,2.9450000000000003,2.9450000000000003,4.101,3.27,2.9450000000000003,2.9450000000000003,0.373,4.452999999999999,2.9450000000000003,0.854,4.026,2.9450000000000003,2.9450000000000003,2.9450000000000003,2.9450000000000003,2.9450000000000003,2.9450000000000003,2.9450000000000003,2.9450000000000003
C,2.9450000000000003,2.9450000000000003,2.9450000000000003,3.902,4.191,2.9450000000000003,2.9450000000000003,-1.431,3.883,2.9450000000000003,3.781,4.038,2.9450000000000003,2.9450000000000003,2.9450000000000003,2.9450000000000003,2.9450000000000003,2.9450000000000003,2.9450000000000003,2.9450000000000003
D,2.9450000000000003,2.9450000000000003,2.9450000000000003,0.07999999999999996,4.728,2.9450000000000003,2.9450000000000003,4.455,4.131,2.9450000000000003,3.911,4.586,2.9450000000000003,2.9450000000000003,2.9450000000000003,2.9450000000000003,2.9450000000000003,2.9450000000000003,2.9450000000000003,2.9450000000000003
E,4.101,3.902,0.07999999999999996,2.9450000000000003,4.896,4.024,4.5649999999999995,5.259,5.337,3.846,4.619,1.271,4.084,1.139,4.522,4.496,4.343,3.632,2.9450000000000003,2.9450000000000003
F,3.27,4.191,4.728,4.896,2.9450000000000003,2.534,3.813,2.066,4.114,3.842,4.8759999999999994,3.749,3.322,3.536,3.174,3.67,3.409,3.029,4.388999999999999,2.9450000000000003
G,2.9450000000000003,2.9450000000000003,2.9450000000000003,4.024,2.534,2.9450000000000003,2.9450000000000003,0.30000000000000004,3.887,2.9450000000000003,4.077999999999999,4.569,2.9450000000000003,2.9450000000000003,2.9450000000000003,2.9450000000000003,2.9450000000000003,2.9450000000000003,2.9450000000000003,2.9450000000000003
H,2.9450000000000003,2.9450000000000003,2.9450000000000003,4.5649999999999995,3.813,2.9450000000000003,2.9450000000000003,2.6189999999999998,4.365,2.9450000000000003,4.16,4.487,2.9450000000000003,2.9450000000000003,2.9450000000000003,2.9450000000000003,2.9450000000000003,2.9450000000000003,2.9450000000000003,2.9450000000000003
I,0.373,-1.431,4.455,5.259,2.066,0.30000000000000004,2.6189999999999998,2.9450000000000003,4.605,2.19,-0.03699999999999992,3.277,2.3129999999999997,5.315,4.083,0.027000000000000024,-1.314,1.516,2.758,2.9450000000000003
K,4.452999999999999,3.883,4.131,5.337,4.114,3.887,4.365,4.605,2.9450000000000003,3.556,4.638999999999999,1.524,3.771,5.069,5.16,4.432,3.679,3.635,3.958,2.9450000000000003
L,2.9450000000000003,2.9450000000000003,2.9450000000000003,3.846,3.842,2.9450000000000003,2.9450000000000003,2.19,3.556,2.9450000000000003,2.3,3.933,2.9450000000000003,2.9450000000000003,2.9450000000000003,2.9450000000000003,2.9450000000000003,2.9450000000000003,2.9450000000000003,2.9450000000000003
M,0.854,3.781,3.911,4.619,4.8759999999999994,4.077999999999999,4.16,-0.03699999999999992,4.638999999999999,2.3,2.9450000000000003,4.670999999999999,3.71,-0.677,4.116,4.144,0.17700000000000005,-0.42399999999999993,4.509,2.9450000000000003
N,4.026,4.038,4.586,1.271,3.749,4.569,4.487,3.277,1.524,3.933,4.670999999999999,2.9450000000000003,4.244,4.439,4.568,4.917,4.314,3.926,3.895,2.9450000000000003
P,2.9450000000000003,2.9450000000000003,2.9450000000000003,4.084,3.322,2.9450000000000003,2.9450000000000003,2.3129999999999997,3.771,2.9450000000000003,3.71,4.244,2.9450000000000003,2.9450000000000003,2.9450000000000003,2.9450000000000003,2.9450000000000003,2.9450000000000003,2.9450000000000003,2.9450000000000003
Q,2.9450000000000003,2.9450000000000003,2.9450000000000003,1.139,3.536,2.9450000000000003,2.9450000000000003,5.315,5.069,2.9450000000000003,-0.677,4.439,2.9450000000000003,2.9450000000000003,2.9450000000000003,2.9450000000000003,2.9450000000000003,2.9450000000000003,2.9450000000000003,2.9450000000000003
R,2.9450000000000003,2.9450000000000003,2.9450000000000003,4.522,3.174,2.9450000000000003,2.9450000000000003,4.083,5.16,2.9450000000000003,4.116,4.568,2.9450000000000003,2.9450000000000003,2.9450000000000003,2.9450000000000003,2.9450000000000003,2.9450000000000003,2.9450000000000003,2.9450000000000003
S,2.9450000000000003,2.9450000000000003,2.9450000000000003,4.496,3.67,2.9450000000000003,2.9450000000000003,0.027000000000000024,4.432,2.9450000000000003,4.144,4.917,2.9450000000000003,2.9450000000000003,2.9450000000000003,2.9450000000000003,2.9450000000000003,2.9450000000000003,2.9450000000000003,2.9450000000000003
T,2.9450000000000003,2.9450000000000003,2.9450000000000003,4.343,3.409,2.9450000000000003,2.9450000000000003,-1.314,3.679,2.9450000000000003,0.17700000000000005,4.314,2.9450000000000003,2.9450000000000003,2.9450000000000003,2.9450000000000003,2.9450000000000003,2.9450000000000003,2.9450000000000003,2.9450000000000003
V,2.9450000000000003,2.9450000000000003,2.9450000000000003,3.632,3.029,2.9450000000000003,2.9450000000000003,1.516,3.635,2.9450000000000003,-0.42399999999999993,3.926,2.9450000000000003,2.9450000000000003,2.9450000000000003,2.9450000000000003,2.9450000000000003,2.9450000000000003,2.9450000000000003,2.9450000000000003
W,2.9450000000000003,2.9450000000000003,2.9450000000000003,2.9450000000000003,4.388999999999999,2.9450000000000003,2.9450000000000003,2.758,3.958,2.9450000000000003,4.509,3.895,2.9450000000000003,2.9450000000000003,2.9450000000000003,2.9450000000000003,2.9450000000000003,2.9450000000000003,2.9450000000000003,2.9450000000000003
Y,2.9450000000000003,2.9450000000000003,2.9450000000000003,2.9450000000000003,2.9450000000000003,2.9450000000000003,2.9450000000000003,2.9450000000000003,2.9450000000000003,2.9450000000000003,2.9450000000000003,2.9450000000000003,2.9450000000000003,2.9450000000000003,2.9450000000000003,2.9450000000000003,2.9450000000000003,2.9450000000000003,2.9450000000000003,2.9450000000000003
