,A,C,D,E,F,G,H,I,K,L,M,N,P,Q,R,S,T,V,W,Y
A,2.925,2.925,2.925,4.317,2.7809999999999997,2.925,2.925,-1.35,4.172000000000001,2.925,0.862,4.212,2.925,2.925,2.925,2.925,2.925,2.925,2.925,2.925
C,2.925,2.925,2.925,3.741,3.739,2.925,2.925,-1.342,3.747,2.925,4.193,4.053,2.925,2.925,2.925,2.925,2.925,2.925,2.925,2.925
D,2.925,2.925,2.925,1.065,4.295,2.925,2.925,4.952999999999999,4.057,2.925,4.007,4.964,2.925,2.925,2.925,2.925,2.925,2.925,2.925,2.925
E,4.317,3.741,1.065,2.925,4.7620000000000005,4.002,3.795,4.914,5.305,3.778,4.534,1.895,4.291,-0.1200000000000001,3.755,4.484,4.362,3.893,4.002,2.925
F,2.7809999999999997,3.739,4.295,4.7620000000000005,2.925,3.339,3.095,1.948,4.166,4.694,5.169,4.0,3.539,3.42,2.887,3.34,3.479,4.072,4.682,2.925
G,2.925,2.925,2.925,4.002,3.339,2.925,2.925,0.279,4.015000000000001,2.925,4.027,4.208,2.925,2.925,2.925,2.925,2.925,2.925,2.925,2.925
H,2.925,2.925,2.925,3.795,3.095,2.925,2.925,2.391,4.107,2.925,4.0649999999999995,3.873,2.925,2.925,2.925,2.925,2.925,2.925,2.925,2.925
I,-1.35,-1.342,4.952999999999999,4.914,1.948,0.279,2.391,2.925,5.353,2.1100000000000003,-0.21100000000000008,2.912,1.517,5.019,3.064,0.05300000000000005,-1.278,1.181,3.184,2.925
K,4.172000000000001,3.747,4.057,5.305,4.166,4.015000000000001,4.107,5.353,2.925,3.881,4.381,2.3369999999999997,4.305,4.541,5.094,4.151,4.272,3.995,3.924,2.925
L,2.925,2.925,2.925,3.778,4.694,2.925,2.925,2.1100000000000003,3.881,2.925,2.3810000000000002,3.595,2.925,2.925,2.925,2.925,2.925,2.925,2.925,2.925
M,0.862,4.193,4.007,4.534,5.169,4.027,4.0649999999999995,-0.21100000000000008,4.381,2.3810000000000002,2.925,4.087,4.102,-0.645,4.395,4.089,0.14900000000000002,-0.41700000000000004,4.473,2.925
N,4.212,4.053,4.964,1.895,4.0,4.208,3.873,2.912,2.3369999999999997,3.595,4.087,2.925,4.031000000000001,4.3,4.557,4.8309999999999995,4.68,3.81,4.041,2.925
P,2.925,2.925,2.925,4.291,3.539,2.925,2.925,1.517,4.305,2.925,4.102,4.031000000000001,2.925,2.925,2.925,2.925,2.925,2.925,2.925,2.925
Q,2.925,2.925,2.925,-0.1200000000000001,3.42,2.925,2.925,5.019,4.541,2.925,-0.645,4.3,2.925,2.925,2.925,2.925,2.925,2.925,2.925,2.925
R,2.925,2.925,2.925,3.755,2.887,2.925,2.925,3.064,5.094,2.925,4.395,4.557,2.925,2.925,2.925,2.925,2.925,2.925,2.925,2.925
S,2.925,2.925,2.925,4.484,3.34,2.925,2.925,0.05300000000000005,4.151,2.925,4.089,4.8309999999999995,2.925,2.925,2.925,2.925,2.925,2.925,2.925,2.925
T,2.925,2.925,2.925,4.362,3.479,2.925,2.925,-1.278,4.272,2.925,0.14900000000000002,4.68,2.925,2.925,2.925,2.925,2.925,2.925,2.925,2.925
V,2.925,2.925,2.925,3.893,4.072,2.925,2.925,1.181,3.995,2.925,-0.41700000000000004,3.81,2.925,2.925,2.925,2.925,2.925,2.925,2.925,2.925
W,2.925,2.925,2.925,4.002,4.682,2.925,2.925,3.184,3.924,2.925,4.473,4.041,2.925,2.925,2.925,2.925,2.925,2.925,2.925,2.925
Y,2.925,2.925,2.925,2.925,2.925,2.925,2.925,2.925,2.925,2.925,2.925,2.925,2.925,2.925,2.925,2.925,2.925,2.925,2.925,2.925
