,A,C,D,E,F,G,H,I,K,L,M,N,P,Q,R,S,T,V,W,Y
A,2.927,2.193,3.725,3.641,4.279,1.612,3.75,2.4379999999999997,4.355,3.76,3.658,2.667,1.762,3.958,4.228,1.846,4.220000000000001,2.298,4.147,2.927
C,2.193,2.927,2.927,2.927,2.927,2.927,2.927,2.927,2.927,1.154,3.11,3.232,3.247,2.927,2.927,2.927,1.223,1.234,2.927,2.927
D,3.725,2.927,2.927,2.927,2.927,2.927,2.927,2.927,2.927,3.129,3.763,3.353,1.224,2.927,2.927,2.927,2.142,4.464,2.927,2.927
E,3.641,2.927,2.927,2.927,2.927,2.927,2.927,2.927,2.927,2.699,3.849,3.602,1.79,2.927,2.927,2.927,4.758,4.718999999999999,2.927,2.927
F,4.279,2.927,2.927,2.927,2.927,2.927,2.927,2.927,2.927,3.538,4.920999999999999,3.358,3.529,2.927,2.927,2.927,3.936,5.755,2.927,2.927
G,1.612,2.927,2.927,2.927,2.927,2.927,2.927,2.927,2.927,2.873,2.218,3.485,0.029000000000000026,2.927,2.927,2.927,2.6719999999999997,2.4050000000000002,2.927,2.927
H,3.75,2.927,2.927,2.927,2.927,2.927,2.927,2.927,2.927,3.038,3.252,3.815,3.79,2.927,2.927,2.927,3.375,4.193,2.927,2.927
I,2.4379999999999997,2.927,2.927,2.927,2.927,2.927,2.927,2.927,2.927,2.035,4.149,1.7730000000000001,2.198,2.927,2.927,2.927,2.7039999999999997,1.799,2.927,2.927
K,4.355,2.927,2.927,2.927,2.927,2.927,2.927,2.927,2.927,3.401,3.231,3.137,3.48,2.927,2.927,2.927,3.131,4.7669999999999995,2.927,2.927
L,3.76,1.154,3.129,2.699,3.538,2.873,3.038,2.035,3.401,2.927,2.856,2.697,3.34,1.718,3.852,3.134,0.6719999999999999,0.14300000000000002,2.8280000000000003,2.927
M,3.658,3.11,3.763,3.849,4.920999999999999,2.218,3.252,4.149,3.231,2.856,2.927,2.319,3.168,4.055,4.332,2.225,4.198,3.146,3.69,2.927
N,2.667,3.232,3.353,3.602,3.358,3.485,3.815,1.7730000000000001,3.137,2.697,2.319,2.927,2.825,1.221,3.297,3.725,3.361,1.798,3.703,2.927
P,1.762,3.247,1.224,1.79,3.529,0.029000000000000026,3.79,2.198,3.48,3.34,3.168,2.825,2.927,4.196,4.157,2.5789999999999997,4.896,2.341,3.709,2.927
Q,3.958,2.927,2.927,2.927,2.927,2.927,2.927,2.927,2.927,1.718,4.055,1.221,4.196,2.927,2.927,2.927,4.772,2.4050000000000002,2.927,2.927
R,4.228,2.927,2.927,2.927,2.927,2.927,2.927,2.927,2.927,3.852,4.332,3.297,4.157,2.927,2.927,2.927,3.481,1.96,2.927,2.927
S,1.846,2.927,2.927,2.927,2.927,2.927,2.927,2.927,2.927,3.134,2.225,3.725,2.5789999999999997,2.927,2.927,2.927,1.9260000000000002,3.442,2.927,2.927
T,4.220000000000001,1.223,2.142,4.758,3.936,2.6719999999999997,3.375,2.7039999999999997,3.131,0.6719999999999999,4.198,3.361,4.896,4.772,3.481,1.9260000000000002,2.927,2.173,1.2469999999999999,2.927
V,2.298,1.234,4.464,4.718999999999999,5.755,2.4050000000000002,4.193,1.799,4.7669999999999995,0.14300000000000002,3.146,1.798,2.341,2.4050000000000002,1.96,3.442,2.173,2.927,4.284,2.927
W,4.147,2.927,2.927,2.927,2.927,2.927,2.927,2.927,2.927,2.8280000000000003,3.69,3.703,3.709,2.927,2.927,2.927,1.2469999999999999,4.284,2.927,2.927
Y,2.927,2.927,2.927,2.927,2.927,2.927,2.927,2.927,2.927,2.927,2.927,2.927,2.927,2.927,2.927,2.927,2.927,2.927,2.927,2.927
