,A,C,D,E,F,G,H,I,K,L,M,N,P,Q,R,S,T,V,W,Y
A,2.9290000000000003,2.1790000000000003,2.9290000000000003,2.9290000000000003,2.9290000000000003,2.9290000000000003,2.9290000000000003,3.279,2.9290000000000003,2.9370000000000003,2.974,2.9290000000000003,2.9290000000000003,2.928,2.9290000000000003,2.823,3.256,2.9290000000000003,3.351,2.9290000000000003
C,2.1790000000000003,2.9290000000000003,3.287,3.064,3.397,3.265,3.271,2.291,3.213,1.3639999999999999,2.71,3.372,3.336,3.021,3.462,2.112,2.2809999999999997,1.098,3.476,2.9290000000000003
D,2.9290000000000003,3.287,2.9290000000000003,2.9290000000000003,2.9290000000000003,2.9290000000000003,2.9290000000000003,3.193,2.9290000000000003,2.939,3.542,2.9290000000000003,2.9290000000000003,3.756,2.9290000000000003,3.242,2.284,2.9290000000000003,3.176,2.9290000000000003
E,2.9290000000000003,3.064,2.9290000000000003,2.9290000000000003,2.9290000000000003,2.9290000000000003,2.9290000000000003,3.034,2.9290000000000003,3.797,2.963,2.9290000000000003,2.9290000000000003,3.098,2.9290000000000003,2.965,3.109,2.9290000000000003,3.221,2.9290000000000003
F,2.9290000000000003,3.397,2.9290000000000003,2.9290000000000003,2.9290000000000003,2.9290000000000003,2.9290000000000003,3.577,2.9290000000000003,3.02,3.275,2.9290000000000003,2.9290000000000003,2.42,2.9290000000000003,2.992,1.771,2.9290000000000003,3.661,2.9290000000000003
G,2.9290000000000003,3.265,2.9290000000000003,2.9290000000000003,2.9290000000000003,2.9290000000000003,2.9290000000000003,2.976,2.9290000000000003,2.675,3.587,2.9290000000000003,2.9290000000000003,2.589,2.9290000000000003,2.678,3.535,2.9290000000000003,3.279,2.9290000000000003
H,2.9290000000000003,3.271,2.9290000000000003,2.9290000000000003,2.9290000000000003,2.9290000000000003,2.9290000000000003,3.208,2.9290000000000003,2.7969999999999997,3.169,2.9290000000000003,2.9290000000000003,3.962,2.9290000000000003,2.634,3.627,2.9290000000000003,3.607,2.9290000000000003
I,3.279,2.291,3.193,3.034,3.577,2.976,3.208,2.9290000000000003,3.157,2.565,3.634,3.258,3.125,2.75,1.6280000000000001,2.124,3.359,2.83,3.232,2.9290000000000003
K,2.9290000000000003,3.213,2.9290000000000003,2.9290000000000003,2.9290000000000003,2.9290000000000003,2.9290000000000003,3.157,2.9290000000000003,3.151,1.694,2.9290000000000003,2.9290000000000003,3.124,2.9290000000000003,2.62,3.749,2.9290000000000003,3.162,2.9290000000000003
L,2.9370000000000003,1.3639999999999999,2.939,3.797,3.02,2.675,2.7969999999999997,2.565,3.151,2.9290000000000003,2.487,3.332,2.4930000000000003,2.726,3.449,2.808,2.225,2.2199999999999998,2.186,2.9290000000000003
M,2.974,2.71,3.542,2.963,3.275,3.587,3.169,3.634,1.694,2.487,2.9290000000000003,2.823,3.656,2.893,2.144,3.263,3.333,2.1790000000000003,4.021,2.9290000000000003
N,2.9290000000000003,3.372,2.9290000000000003,2.9290000000000003,2.9290000000000003,2.9290000000000003,2.9290000000000003,3.258,2.9290000000000003,3.332,2.823,2.9290000000000003,2.9290000000000003,3.203,2.9290000000000003,2.9530000000000003,3.143,2.9290000000000003,3.406,2.9290000000000003
P,2.9290000000000003,3.336,2.9290000000000003,2.9290000000000003,2.9290000000000003,2.9290000000000003,2.9290000000000003,3.125,2.9290000000000003,2.4930000000000003,3.656,2.9290000000000003,2.9290000000000003,3.816,2.9290000000000003,3.32,3.402,2.9290000000000003,3.323,2.9290000000000003
Q,2.928,3.021,3.756,3.098,2.42,2.589,3.962,2.75,3.124,2.726,2.893,3.203,3.816,2.9290000000000003,3.968,3.046,3.783,2.7039999999999997,3.065,2.9290000000000003
R,2.9290000000000003,3.462,2.9290000000000003,2.9290000000000003,2.9290000000000003,2.9290000000000003,2.9290000000000003,1.6280000000000001,2.9290000000000003,3.449,2.144,2.9290000000000003,2.9290000000000003,3.968,2.9290000000000003,2.411,3.764,2.9290000000000003,3.354,2.9290000000000003
S,2.823,2.112,3.242,2.965,2.992,2.678,2.634,2.124,2.62,2.808,3.263,2.9530000000000003,3.32,3.046,2.411,2.9290000000000003,3.234,2.332,3.174,2.9290000000000003
T,3.256,2.2809999999999997,2.284,3.109,1.771,3.535,3.627,3.359,3.749,2.225,3.333,3.143,3.402,3.783,3.764,3.234,2.9290000000000003,3.426,2.862,2.9290000000000003
V,2.9290000000000003,1.098,2.9290000000000003,2.9290000000000003,2.9290000000000003,2.9290000000000003,2.9290000000000003,2.83,2.9290000000000003,2.2199999999999998,2.1790000000000003,2.9290000000000003,2.9290000000000003,2.7039999999999997,2.9290000000000003,2.332,3.426,2.9290000000000003,3.493,2.9290000000000003
W,3.351,3.476,3.176,3.221,3.661,3.279,3.607,3.232,3.162,2.186,4.021,3.406,3.323,3.065,3.354,3.174,2.862,3.493,2.9290000000000003,2.9290000000000003
Y,2.9290000000000003,2.9290000000000003,2.9290000000000003,2.9290000000000003,2.9290000000000003,2.9290000000000003,2.9290000000000003,2.9290000000000003,2.9290000000000003,2.9290000000000003,2.9290000000000003,2.9290000000000003,2.9290000000000003,2.9290000000000003,2.9290000000000003,2.9290000000000003,2.9290000000000003,2.9290000000000003,2.9290000000000003,2.9290000000000003
