,A,C,D,E,F,G,H,I,K,L,M,N,P,Q,R,S,T,V,W,Y
A,3.326,3.326,3.326,4.377,0.6619999999999999,3.326,3.326,2.636,3.961,2.2350000000000003,3.326,4.614,3.326,3.326,3.326,5.572,3.326,3.326,3.326,3.326
C,3.326,3.326,3.326,3.685,1.004,3.326,3.326,2.766,2.6550000000000002,1.722,3.326,5.242,3.326,3.326,3.326,5.325,3.326,3.326,3.326,3.326
D,3.326,3.326,3.326,4.890000000000001,2.388,3.326,3.326,2.365,4.855,1.6600000000000001,3.326,8.716000000000001,3.326,3.326,3.326,3.695,3.326,3.326,3.326,3.326
E,4.377,3.685,4.890000000000001,3.326,3.167,1.8199999999999998,5.03,3.157,5.914,3.15,3.395,6.281,4.7,8.769,6.259,5.494,5.982,4.917,4.395,3.326
F,0.6619999999999999,1.004,2.388,3.167,3.326,2.6790000000000003,1.786,5.299,3.702,3.367,2.5780000000000003,3.789,3.974,1.468,2.334,3.718,1.869,2.817,4.067,3.326
G,3.326,3.326,3.326,1.8199999999999998,2.6790000000000003,3.326,3.326,1.862,2.186,1.144,3.326,6.716,3.326,3.326,3.326,3.399,3.326,3.326,3.326,3.326
H,3.326,3.326,3.326,5.03,1.786,3.326,3.326,2.415,2.341,-0.3819999999999999,3.326,7.59,3.326,3.326,3.326,2.551,3.326,3.326,3.326,3.326
I,2.636,2.766,2.365,3.157,5.299,1.862,2.415,3.326,1.8639999999999999,2.955,5.232,2.549,1.8,2.4859999999999998,3.593,3.353,3.099,2.715,2.4219999999999997,3.326
K,3.961,2.6550000000000002,4.855,5.914,3.702,2.186,2.341,1.8639999999999999,3.326,1.999,3.636,5.186,3.154,8.423,2.9059999999999997,2.749,3.916,2.0700000000000003,1.24,3.326
L,2.2350000000000003,1.722,1.6600000000000001,3.15,3.367,1.144,-0.3819999999999999,2.955,1.999,3.326,3.868,1.716,1.141,2.387,0.984,3.358,1.579,4.202999999999999,1.841,3.326
M,3.326,3.326,3.326,3.395,2.5780000000000003,3.326,3.326,5.232,3.636,3.868,3.326,5.257,3.326,3.326,3.326,4.355,3.326,3.326,3.326,3.326
N,4.614,5.242,8.716000000000001,6.281,3.789,6.716,7.59,2.549,5.186,1.716,5.257,3.326,4.925,8.577,4.258,9.276,8.347000000000001,3.508,4.031000000000001,3.326
P,3.326,3.326,3.326,4.7,3.974,3.326,3.326,1.8,3.154,1.141,3.326,4.925,3.326,3.326,3.326,5.265,3.326,3.326,3.326,3.326
Q,3.326,3.326,3.326,8.769,1.468,3.326,3.326,2.4859999999999998,8.423,2.387,3.326,8.577,3.326,3.326,3.326,4.5760000000000005,3.326,3.326,3.326,3.326
R,3.326,3.326,3.326,6.259,2.334,3.326,3.326,3.593,2.9059999999999997,0.984,3.326,4.258,3.326,3.326,3.326,4.059,3.326,3.326,3.326,3.326
S,5.572,5.325,3.695,5.494,3.718,3.399,2.551,3.353,2.749,3.358,4.355,9.276,5.265,4.5760000000000005,4.059,3.326,6.331,3.417,3.254,3.326
T,3.326,3.326,3.326,5.982,1.869,3.326,3.326,3.099,3.916,1.579,3.326,8.347000000000001,3.326,3.326,3.326,6.331,3.326,3.326,3.326,3.326
V,3.326,3.326,3.326,4.917,2.817,3.326,3.326,2.715,2.0700000000000003,4.202999999999999,3.326,3.508,3.326,3.326,3.326,3.417,3.326,3.326,3.326,3.326
W,3.326,3.326,3.326,4.395,4.067,3.326,3.326,2.4219999999999997,1.24,1.841,3.326,4.031000000000001,3.326,3.326,3.326,3.254,3.326,3.326,3.326,3.326
Y,3.326,3.326,3.326,3.326,3.326,3.326,3.326,3.326,3.326,3.326,3.326,3.326,3.326,3.326,3.326,3.326,3.326,3.326,3.326,3.326
