,A,C,D,E,F,G,H,I,K,L,M,N,P,Q,R,S,T,V,W,Y
A,3.722,2.849,2.952,3.599,3.604,2.834,3.365,2.3970000000000002,4.763,3.582,3.672,3.286,2.582,2.625,4.976,2.9210000000000003,4.559,2.575,4.667,3.722
C,2.849,3.722,3.277,4.043,3.788,2.5540000000000003,4.04,3.058,4.179,2.292,3.332,4.877,4.002,2.989,4.2509999999999994,2.4859999999999998,3.482,1.245,4.173,3.722
D,2.952,3.277,3.722,5.525,3.734,4.57,4.913,3.16,4.0760000000000005,2.767,4.317,5.767,4.572,6.289,4.4399999999999995,6.037,3.065,3.597,3.26,3.722
E,3.599,4.043,5.525,3.722,4.368,3.358,4.218,4.726,5.406,3.945,4.493,3.341,4.214,4.415,4.7509999999999994,4.6129999999999995,5.048,3.831,2.5149999999999997,3.722
F,3.604,3.788,3.734,4.368,3.722,2.677,2.981,4.388,4.912,5.304,5.627,4.508,3.66,3.776,3.458,3.417,4.88,4.888,3.688,3.722
G,2.834,2.5540000000000003,4.57,3.358,2.677,3.722,4.145,1.9569999999999999,4.215,2.952,2.354,5.341,4.159,3.877,4.0169999999999995,2.705,3.718,2.241,4.127,3.722
H,3.365,4.04,4.913,4.218,2.981,4.145,3.722,2.614,4.455,2.928,4.471,4.445,4.7330000000000005,6.304,2.9619999999999997,3.873,4.554,3.859,4.1,3.722
I,2.3970000000000002,3.058,3.16,4.726,4.388,1.9569999999999999,2.614,3.722,4.885,3.02,4.942,3.029,2.634,2.827,2.908,1.8980000000000001,2.442,2.613,3.374,3.722
K,4.763,4.179,4.0760000000000005,5.406,4.912,4.215,4.455,4.885,3.722,3.942,2.705,4.311,5.299,6.251,5.241,4.274,4.704000000000001,4.3309999999999995,4.143,3.722
L,3.582,2.292,2.767,3.945,5.304,2.952,2.928,3.02,3.942,3.722,2.759,3.799,2.7270000000000003,2.3280000000000003,4.667,3.503,2.3600000000000003,2.045,4.649,3.722
M,3.672,3.332,4.317,4.493,5.627,2.354,4.471,4.942,2.705,2.759,3.722,3.485,3.615,2.483,2.5460000000000003,3.646,4.025,3.032,5.111,3.722
N,3.286,4.877,5.767,3.341,4.508,5.341,4.445,3.029,4.311,3.799,3.485,3.722,4.734999999999999,5.156,4.772,4.925,3.868,2.5,4.574,3.722
P,2.582,4.002,4.572,4.214,3.66,4.159,4.7330000000000005,2.634,5.299,2.7270000000000003,3.615,4.734999999999999,3.722,3.79,3.439,4.464,4.1419999999999995,2.434,3.815,3.722
Q,2.625,2.989,6.289,4.415,3.776,3.877,6.304,2.827,6.251,2.3280000000000003,2.483,5.156,3.79,3.722,4.179,4.172000000000001,3.317,2.125,3.411,3.722
R,4.976,4.2509999999999994,4.4399999999999995,4.7509999999999994,3.458,4.0169999999999995,2.9619999999999997,2.908,5.241,4.667,2.5460000000000003,4.772,3.439,4.179,3.722,4.088,4.49,3.502,4.2059999999999995,3.722
S,2.9210000000000003,2.4859999999999998,6.037,4.6129999999999995,3.417,2.705,3.873,1.8980000000000001,4.274,3.503,3.646,4.925,4.464,4.172000000000001,4.088,3.722,3.027,2.684,4.181,3.722
T,4.559,3.482,3.065,5.048,4.88,3.718,4.554,2.442,4.704000000000001,2.3600000000000003,4.025,3.868,4.1419999999999995,3.317,4.49,3.027,3.722,2.2960000000000003,3.397,3.722
V,2.575,1.245,3.597,3.831,4.888,2.241,3.859,2.613,4.3309999999999995,2.045,3.032,2.5,2.434,2.125,3.502,2.684,2.2960000000000003,3.722,4.537,3.722
W,4.667,4.173,3.26,2.5149999999999997,3.688,4.127,4.1,3.374,4.143,4.649,5.111,4.574,3.815,3.411,4.2059999999999995,4.181,3.397,4.537,3.722,3.722
Y,3.722,3.722,3.722,3.722,3.722,3.722,3.722,3.722,3.722,3.722,3.722,3.722,3.722,3.722,3.722,3.722,3.722,3.722,3.722,3.722
