,A,C,D,E,F,G,H,I,K,L,M,N,P,Q,R,S,T,V,W,Y
A,3.057,1.666,3.057,3.057,3.057,3.057,3.057,3.606,3.057,2.7,3.666,3.057,3.057,2.387,3.057,2.964,3.569,3.057,3.491,3.057
C,1.666,3.057,3.261,3.358,3.553,3.455,3.271,2.496,3.261,1.8010000000000002,2.5380000000000003,3.573,3.457,2.4930000000000003,3.596,1.931,2.726,2.716,3.501,3.057
D,3.057,3.261,3.057,3.057,3.057,3.057,3.057,3.509,3.057,3.07,3.634,3.057,3.057,3.732,3.057,3.424,3.69,3.057,3.282,3.057
E,3.057,3.358,3.057,3.057,3.057,3.057,3.057,3.274,3.057,3.798,3.546,3.057,3.057,3.78,3.057,3.135,2.932,3.057,1.7069999999999999,3.057
F,3.057,3.553,3.057,3.057,3.057,3.057,3.057,3.752,3.057,3.338,2.902,3.057,3.057,2.434,3.057,2.935,2.839,3.057,3.948,3.057
G,3.057,3.455,3.057,3.057,3.057,3.057,3.057,3.143,3.057,2.542,3.672,3.057,3.057,1.998,3.057,2.9779999999999998,3.364,3.057,3.332,3.057
H,3.057,3.271,3.057,3.057,3.057,3.057,3.057,3.068,3.057,2.7119999999999997,3.425,3.057,3.057,4.18,3.057,2.8529999999999998,3.53,3.057,3.6,3.057
I,3.606,2.496,3.509,3.274,3.752,3.143,3.068,3.057,3.23,2.427,3.868,3.275,3.39,3.411,1.889,2.27,2.9290000000000003,2.9859999999999998,3.572,3.057
K,3.057,3.261,3.057,3.057,3.057,3.057,3.057,3.23,3.057,3.418,2.416,3.057,3.057,3.836,3.057,2.875,3.848,3.057,3.475,3.057
L,2.7,1.8010000000000002,3.07,3.798,3.338,2.542,2.7119999999999997,2.427,3.418,3.057,2.858,3.697,3.312,2.673,3.483,2.444,3.258,2.057,3.989,3.057
M,3.666,2.5380000000000003,3.634,3.546,2.902,3.672,3.425,3.868,2.416,2.858,3.057,2.447,3.864,2.394,3.023,3.583,3.189,1.888,4.224,3.057
N,3.057,3.573,3.057,3.057,3.057,3.057,3.057,3.275,3.057,3.697,2.447,3.057,3.057,3.7,3.057,2.912,3.227,3.057,3.431,3.057
P,3.057,3.457,3.057,3.057,3.057,3.057,3.057,3.39,3.057,3.312,3.864,3.057,3.057,3.78,3.057,3.271,3.8,3.057,3.378,3.057
Q,2.387,2.4930000000000003,3.732,3.78,2.434,1.998,4.18,3.411,3.836,2.673,2.394,3.7,3.78,3.057,3.942,2.365,4.173,3.498,3.233,3.057
R,3.057,3.596,3.057,3.057,3.057,3.057,3.057,1.889,3.057,3.483,3.023,3.057,3.057,3.942,3.057,2.635,3.794,3.057,3.516,3.057
S,2.964,1.931,3.424,3.135,2.935,2.9779999999999998,2.8529999999999998,2.27,2.875,2.444,3.583,2.912,3.271,2.365,2.635,3.057,3.383,2.4779999999999998,3.172,3.057
T,3.569,2.726,3.69,2.932,2.839,3.364,3.53,2.9290000000000003,3.848,3.258,3.189,3.227,3.8,4.173,3.794,3.383,3.057,3.381,2.658,3.057
V,3.057,2.716,3.057,3.057,3.057,3.057,3.057,2.9859999999999998,3.057,2.057,1.888,3.057,3.057,3.498,3.057,2.4779999999999998,3.381,3.057,3.358,3.057
W,3.491,3.501,3.282,1.7069999999999999,3.948,3.332,3.6,3.572,3.475,3.989,4.224,3.431,3.378,3.233,3.516,3.172,2.658,3.358,3.057,3.057
Y,3.057,3.057,3.057,3.057,3.057,3.057,3.057,3.057,3.057,3.057,3.057,3.057,3.057,3.057,3.057,3.057,3.057,3.057,3.057,3.057
