,A,C,D,E,F,G,H,I,K,L,M,N,P,Q,R,S,T,V,W,Y
A,3.531,3.531,2.668,3.531,3.531,3.531,3.531,3.531,3.531,5.127,2.847,4.54,2.012,1.533,3.531,3.531,3.344,3.531,3.531,3.531
C,3.531,3.531,3.733,3.531,3.531,3.531,3.531,3.531,3.531,2.084,1.335,4.648,4.3629999999999995,4.404,3.531,3.531,4.5600000000000005,3.531,3.531,3.531
D,2.668,3.733,3.531,5.463,4.242,5.151,4.8759999999999994,3.03,5.351,2.754,3.776,5.944,5.542,5.763,5.18,5.128,2.456,4.627,3.42,3.531
E,3.531,3.531,5.463,3.531,3.531,3.531,3.531,3.531,3.531,4.534,3.736,5.089,4.934,4.559,3.531,3.531,5.045,3.531,3.531,3.531
F,3.531,3.531,4.242,3.531,3.531,3.531,3.531,3.531,3.531,4.553,5.189,4.327,4.509,4.6,3.531,3.531,4.5169999999999995,3.531,3.531,3.531
G,3.531,3.531,5.151,3.531,3.531,3.531,3.531,3.531,3.531,4.327,1.291,5.097,4.443,4.707,3.531,3.531,4.348,3.531,3.531,3.531
H,3.531,3.531,4.8759999999999994,3.531,3.531,3.531,3.531,3.531,3.531,2.001,5.095,4.054,4.998,5.367,3.531,3.531,3.279,3.531,3.531,3.531
I,3.531,3.531,3.03,3.531,3.531,3.531,3.531,3.531,3.531,3.732,4.513999999999999,4.156000000000001,2.498,1.405,3.531,3.531,1.017,3.531,3.531,3.531
K,3.531,3.531,5.351,3.531,3.531,3.531,3.531,3.531,3.531,4.7669999999999995,0.33399999999999996,5.43,5.331,5.255,3.531,3.531,5.085,3.531,3.531,3.531
L,5.127,2.084,2.754,4.534,4.553,4.327,2.001,3.732,4.7669999999999995,3.531,1.758,4.670999999999999,2.057,2.215,4.564,4.723,2.324,2.644,5.336,3.531
M,2.847,1.335,3.776,3.736,5.189,1.291,5.095,4.513999999999999,0.33399999999999996,1.758,3.531,3.874,3.168,1.472,-0.17599999999999993,3.779,4.569,1.659,3.292,3.531
N,4.54,4.648,5.944,5.089,4.327,5.097,4.054,4.156000000000001,5.43,4.670999999999999,3.874,3.531,5.091,6.041,5.164,5.75,2.458,4.116,4.3260000000000005,3.531
P,2.012,4.3629999999999995,5.542,4.934,4.509,4.443,4.998,2.498,5.331,2.057,3.168,5.091,3.531,2.713,4.725,5.239,3.119,1.3860000000000001,4.714,3.531
Q,1.533,4.404,5.763,4.559,4.6,4.707,5.367,1.405,5.255,2.215,1.472,6.041,2.713,3.531,4.587,4.1129999999999995,2.5140000000000002,0.762,4.338,3.531
R,3.531,3.531,5.18,3.531,3.531,3.531,3.531,3.531,3.531,4.564,-0.17599999999999993,5.164,4.725,4.587,3.531,3.531,4.859999999999999,3.531,3.531,3.531
S,3.531,3.531,5.128,3.531,3.531,3.531,3.531,3.531,3.531,4.723,3.779,5.75,5.239,4.1129999999999995,3.531,3.531,1.5659999999999998,3.531,3.531,3.531
T,3.344,4.5600000000000005,2.456,5.045,4.5169999999999995,4.348,3.279,1.017,5.085,2.324,4.569,2.458,3.119,2.5140000000000002,4.859999999999999,1.5659999999999998,3.531,0.853,4.801,3.531
V,3.531,3.531,4.627,3.531,3.531,3.531,3.531,3.531,3.531,2.644,1.659,4.116,1.3860000000000001,0.762,3.531,3.531,0.853,3.531,3.531,3.531
W,3.531,3.531,3.42,3.531,3.531,3.531,3.531,3.531,3.531,5.336,3.292,4.3260000000000005,4.714,4.338,3.531,3.531,4.801,3.531,3.531,3.531
Y,3.531,3.531,3.531,3.531,3.531,3.531,3.531,3.531,3.531,3.531,3.531,3.531,3.531,3.531,3.531,3.531,3.531,3.531,3.531,3.531
