,A,C,D,E,F,G,H,I,K,L,M,N,P,Q,R,S,T,V,W,Y
A,2.957,2.957,2.957,4.102,2.384,2.957,2.957,-1.588,4.471,2.957,0.782,3.741,2.957,2.957,2.957,2.957,2.957,2.957,2.957,2.957
C,2.957,2.957,2.957,3.911,3.689,2.957,2.957,-0.593,3.917,2.957,4.442,4.0440000000000005,2.957,2.957,2.957,2.957,2.957,2.957,2.957,2.957
D,2.957,2.957,2.957,-0.15599999999999992,5.061,2.957,2.957,5.005,4.355,2.957,4.013999999999999,4.551,2.957,2.957,2.957,2.957,2.957,2.957,2.957,2.957
E,4.102,3.911,-0.15599999999999992,2.957,4.857,4.007,4.5280000000000005,5.038,4.8469999999999995,3.826,4.452999999999999,2.741,4.253,-1.113,4.256,4.470000000000001,4.35,4.047000000000001,4.011,2.957
F,2.384,3.689,5.061,4.857,2.957,2.792,3.674,2.684,4.0649999999999995,4.422000000000001,4.814,3.35,3.235,3.277,3.578,3.519,3.772,3.753,4.6899999999999995,2.957
G,2.957,2.957,2.957,4.007,2.792,2.957,2.957,0.264,3.907,2.957,4.0489999999999995,4.3260000000000005,2.957,2.957,2.957,2.957,2.957,2.957,2.957,2.957
H,2.957,2.957,2.957,4.5280000000000005,3.674,2.957,2.957,2.518,3.797,2.957,4.345000000000001,4.881,2.957,2.957,2.957,2.957,2.957,2.957,2.957,2.957
I,-1.588,-0.593,5.005,5.038,2.684,0.264,2.518,2.957,5.34,2.0309999999999997,0.11199999999999999,2.581,2.909,4.526,3.231,0.134,-0.885,1.011,2.0869999999999997,2.957
K,4.471,3.917,4.355,4.8469999999999995,4.0649999999999995,3.907,3.797,5.34,2.957,3.925,4.476,0.967,4.338,5.114,3.805,4.177,4.1240000000000006,4.063000000000001,3.942,2.957
L,2.957,2.957,2.957,3.826,4.422000000000001,2.957,2.957,2.0309999999999997,3.925,2.957,2.269,3.958,2.957,2.957,2.957,2.957,2.957,2.957,2.957,2.957
M,0.782,4.442,4.013999999999999,4.452999999999999,4.814,4.0489999999999995,4.345000000000001,0.11199999999999999,4.476,2.269,2.957,4.615,4.32,-0.7190000000000001,4.366,4.35,0.999,2.957,4.223,2.957
N,3.741,4.0440000000000005,4.551,2.741,3.35,4.3260000000000005,4.881,2.581,0.967,3.958,4.615,2.957,3.675,4.748,4.307,3.964,4.684,3.764,4.058,2.957
P,2.957,2.957,2.957,4.253,3.235,2.957,2.957,2.909,4.338,2.957,4.32,3.675,2.957,2.957,2.957,2.957,2.957,2.957,2.957,2.957
Q,2.957,2.957,2.957,-1.113,3.277,2.957,2.957,4.526,5.114,2.957,-0.7190000000000001,4.748,2.957,2.957,2.957,2.957,2.957,2.957,2.957,2.957
R,2.957,2.957,2.957,4.256,3.578,2.957,2.957,3.231,3.805,2.957,4.366,4.307,2.957,2.957,2.957,2.957,2.957,2.957,2.957,2.957
S,2.957,2.957,2.957,4.470000000000001,3.519,2.957,2.957,0.134,4.177,2.957,4.35,3.964,2.957,2.957,2.957,2.957,2.957,2.957,2.957,2.957
T,2.957,2.957,2.957,4.35,3.772,2.957,2.957,-0.885,4.1240000000000006,2.957,0.999,4.684,2.957,2.957,2.957,2.957,2.957,2.957,2.957,2.957
V,2.957,2.957,2.957,4.047000000000001,3.753,2.957,2.957,1.011,4.063000000000001,2.957,2.957,3.764,2.957,2.957,2.957,2.957,2.957,2.957,2.957,2.957
W,2.957,2.957,2.957,4.011,4.6899999999999995,2.957,2.957,2.0869999999999997,3.942,2.957,4.223,4.058,2.957,2.957,2.957,2.957,2.957,2.957,2.957,2.957
Y,2.957,2.957,2.957,2.957,2.957,2.957,2.957,2.957,2.957,2.957,2.957,2.957,2.957,2.957,2.957,2.957,2.957,2.957,2.957,2.957
