,A,C,D,E,F,G,H,I,K,L,M,N,P,Q,R,S,T,V,W,Y
A,2.762,2.762,3.384,2.762,2.23,2.762,2.762,3.385,2.762,2.762,2.943,2.762,3.503,2.725,2.762,2.649,2.762,2.129,2.762,2.762
C,2.762,2.762,3.018,2.762,1.853,2.762,2.762,3.479,2.762,2.762,3.054,2.762,3.444,2.002,2.762,2.5540000000000003,2.762,0.739,2.762,2.762
D,3.384,3.018,2.762,2.926,2.9530000000000003,3.542,3.687,1.861,3.205,1.682,3.479,2.4219999999999997,3.64,4.4190000000000005,2.873,3.327,3.445,3.787,2.643,2.762
E,2.762,2.762,2.926,2.762,1.7570000000000001,2.762,2.762,3.128,2.762,2.762,2.309,2.762,1.5699999999999998,4.036,2.762,2.3810000000000002,2.762,1.754,2.762,2.762
F,2.23,1.853,2.9530000000000003,1.7570000000000001,2.762,3.175,3.137,2.908,3.767,2.762,2.768,3.428,2.045,3.635,1.657,2.88,3.09,2.872,1.908,2.762
G,2.762,2.762,3.542,2.762,3.175,2.762,2.762,2.984,2.762,2.762,1.967,2.762,3.088,2.998,2.762,2.4850000000000003,2.762,1.714,2.762,2.762
H,2.762,2.762,3.687,2.762,3.137,2.762,2.762,2.901,2.762,2.762,3.043,2.762,3.635,3.87,2.762,2.35,2.762,1.38,2.762,2.762
I,3.385,3.479,1.861,3.128,2.908,2.984,2.901,2.762,3.159,2.415,3.477,2.8970000000000002,3.548,3.72,2.984,2.8890000000000002,3.032,2.4859999999999998,2.0780000000000003,2.762
K,2.762,2.762,3.205,2.762,3.767,2.762,2.762,3.159,2.762,2.762,2.323,2.762,3.234,3.067,2.762,2.509,2.762,3.594,2.762,2.762
L,2.762,2.762,1.682,2.762,2.762,2.762,2.762,2.415,2.762,2.762,2.866,2.762,3.486,2.9850000000000003,2.762,1.915,2.762,3.291,2.762,2.762
M,2.943,3.054,3.479,2.309,2.768,1.967,3.043,3.477,2.323,2.866,2.762,3.425,3.409,2.542,2.387,1.295,3.049,3.659,3.69,2.762
N,2.762,2.762,2.4219999999999997,2.762,3.428,2.762,2.762,2.8970000000000002,2.762,2.762,3.425,2.762,3.757,3.809,2.762,2.636,2.762,2.7960000000000003,2.762,2.762
P,3.503,3.444,3.64,1.5699999999999998,2.045,3.088,3.635,3.548,3.234,3.486,3.409,3.757,2.762,3.183,2.489,3.923,3.679,2.967,1.931,2.762
Q,2.725,2.002,4.4190000000000005,4.036,3.635,2.998,3.87,3.72,3.067,2.9850000000000003,2.542,3.809,3.183,2.762,3.838,2.9850000000000003,3.502,2.207,2.9690000000000003,2.762
R,2.762,2.762,2.873,2.762,1.657,2.762,2.762,2.984,2.762,2.762,2.387,2.762,2.489,3.838,2.762,3.181,2.762,3.75,2.762,2.762
S,2.649,2.5540000000000003,3.327,2.3810000000000002,2.88,2.4850000000000003,2.35,2.8890000000000002,2.509,1.915,1.295,2.636,3.923,2.9850000000000003,3.181,2.762,2.624,1.583,3.109,2.762
T,2.762,2.762,3.445,2.762,3.09,2.762,2.762,3.032,2.762,2.762,3.049,2.762,3.679,3.502,2.762,2.624,2.762,1.375,2.762,2.762
V,2.129,0.739,3.787,1.754,2.872,1.714,1.38,2.4859999999999998,3.594,3.291,3.659,2.7960000000000003,2.967,2.207,3.75,1.583,1.375,2.762,4.215,2.762
W,2.762,2.762,2.643,2.762,1.908,2.762,2.762,2.0780000000000003,2.762,2.762,3.69,2.762,1.931,2.9690000000000003,2.762,3.109,2.762,4.215,2.762,2.762
Y,2.762,2.762,2.762,2.762,2.762,2.762,2.762,2.762,2.762,2.762,2.762,2.762,2.762,2.762,2.762,2.762,2.762,2.762,2.762,2.762
