,A,C,D,E,F,G,H,I,K,L,M,N,P,Q,R,S,T,V,W,Y
A,2.902,2.902,2.902,4.418,3.358,2.902,2.902,-1.1840000000000002,4.507,2.902,0.657,4.2829999999999995,2.902,2.902,2.902,2.902,2.902,2.902,2.902,2.902
C,2.902,2.902,2.902,3.837,3.707,2.902,2.902,-1.399,3.982,2.902,4.5440000000000005,4.33,2.902,2.902,2.902,2.902,2.902,2.902,2.902,2.902
D,2.902,2.902,2.902,1.006,5.346,2.902,2.902,4.8149999999999995,4.148,2.902,3.913,4.623,2.902,2.902,2.902,2.902,2.902,2.902,2.902,2.902
E,4.418,3.837,1.006,2.902,5.352,3.693,4.324,5.311,5.682,3.832,4.452999999999999,0.10199999999999998,3.765,-1.241,4.621,3.841,3.813,4.132,4.079000000000001,2.902
F,3.358,3.707,5.346,5.352,2.902,2.52,2.675,1.8359999999999999,4.5329999999999995,4.776,5.244,3.335,3.052,3.396,3.25,3.731,3.289,3.679,4.425,2.902
G,2.902,2.902,2.902,3.693,2.52,2.902,2.902,0.28500000000000003,3.915,2.902,3.918,4.309,2.902,2.902,2.902,2.902,2.902,2.902,2.902,2.902
H,2.902,2.902,2.902,4.324,2.675,2.902,2.902,2.124,4.470000000000001,2.902,4.154,4.973,2.902,2.902,2.902,2.902,2.902,2.902,2.902,2.902
I,-1.1840000000000002,-1.399,4.8149999999999995,5.311,1.8359999999999999,0.28500000000000003,2.124,2.902,5.484,2.252,1.103,2.677,1.803,5.389,3.045,0.19099999999999995,-1.8820000000000001,0.767,2.475,2.902
K,4.507,3.982,4.148,5.682,4.5329999999999995,3.915,4.470000000000001,5.484,2.902,3.812,4.691,1.467,4.404999999999999,3.969,4.723,4.545,4.3580000000000005,4.0809999999999995,3.638,2.902
L,2.902,2.902,2.902,3.832,4.776,2.902,2.902,2.252,3.812,2.902,2.551,3.837,2.902,2.902,2.902,2.902,2.902,2.902,2.902,2.902
M,0.657,4.5440000000000005,3.913,4.452999999999999,5.244,3.918,4.154,1.103,4.691,2.551,2.902,4.633,4.382,-1.3119999999999998,4.468999999999999,4.390000000000001,0.126,-0.563,4.277,2.902
N,4.2829999999999995,4.33,4.623,0.10199999999999998,3.335,4.309,4.973,2.677,1.467,3.837,4.633,2.902,4.303,4.428,3.861,4.98,4.779999999999999,4.015000000000001,3.952,2.902
P,2.902,2.902,2.902,3.765,3.052,2.902,2.902,1.803,4.404999999999999,2.902,4.382,4.303,2.902,2.902,2.902,2.902,2.902,2.902,2.902,2.902
Q,2.902,2.902,2.902,-1.241,3.396,2.902,2.902,5.389,3.969,2.902,-1.3119999999999998,4.428,2.902,2.902,2.902,2.902,2.902,2.902,2.902,2.902
R,2.902,2.902,2.902,4.621,3.25,2.902,2.902,3.045,4.723,2.902,4.468999999999999,3.861,2.902,2.902,2.902,2.902,2.902,2.902,2.902,2.902
S,2.902,2.902,2.902,3.841,3.731,2.902,2.902,0.19099999999999995,4.545,2.902,4.390000000000001,4.98,2.902,2.902,2.902,2.902,2.902,2.902,2.902,2.902
T,2.902,2.902,2.902,3.813,3.289,2.902,2.902,-1.8820000000000001,4.3580000000000005,2.902,0.126,4.779999999999999,2.902,2.902,2.902,2.902,2.902,2.902,2.902,2.902
V,2.902,2.902,2.902,4.132,3.679,2.902,2.902,0.767,4.0809999999999995,2.902,-0.563,4.015000000000001,2.902,2.902,2.902,2.902,2.902,2.902,2.902,2.902
W,2.902,2.902,2.902,4.079000000000001,4.425,2.902,2.902,2.475,3.638,2.902,4.277,3.952,2.902,2.902,2.902,2.902,2.902,2.902,2.902,2.902
Y,2.902,2.902,2.902,2.902,2.902,2.902,2.902,2.902,2.902,2.902,2.902,2.902,2.902,2.902,2.902,2.902,2.902,2.902,2.902,2.902
