,A,C,D,E,F,G,H,I,K,L,M,N,P,Q,R,S,T,V,W,Y
A,2.7359999999999998,2.7359999999999998,3.251,2.7359999999999998,2.7,2.7359999999999998,2.7359999999999998,3.261,2.7359999999999998,2.7359999999999998,2.768,2.7359999999999998,3.899,2.269,2.7359999999999998,2.628,2.7359999999999998,1.451,2.7359999999999998,2.7359999999999998
C,2.7359999999999998,2.7359999999999998,1.879,2.7359999999999998,1.321,2.7359999999999998,2.7359999999999998,3.418,2.7359999999999998,2.7359999999999998,3.445,2.7359999999999998,3.454,2.028,2.7359999999999998,2.4619999999999997,2.7359999999999998,1.025,2.7359999999999998,2.7359999999999998
D,3.251,1.879,2.7359999999999998,3.647,2.915,3.426,3.592,2.314,3.099,2.912,2.9859999999999998,2.585,3.407,4.63,2.917,3.268,3.843,3.676,2.392,2.7359999999999998
E,2.7359999999999998,2.7359999999999998,3.647,2.7359999999999998,2.268,2.7359999999999998,2.7359999999999998,2.814,2.7359999999999998,2.7359999999999998,2.698,2.7359999999999998,1.424,3.397,2.7359999999999998,2.415,2.7359999999999998,1.643,2.7359999999999998,2.7359999999999998
F,2.7,1.321,2.915,2.268,2.7359999999999998,2.7199999999999998,2.689,3.616,3.719,3.9,3.515,3.152,3.214,2.842,1.561,3.148,2.717,2.7119999999999997,1.6560000000000001,2.7359999999999998
G,2.7359999999999998,2.7359999999999998,3.426,2.7359999999999998,2.7199999999999998,2.7359999999999998,2.7359999999999998,3.057,2.7359999999999998,2.7359999999999998,2.948,2.7359999999999998,3.506,3.737,2.7359999999999998,2.608,2.7359999999999998,1.817,2.7359999999999998,2.7359999999999998
H,2.7359999999999998,2.7359999999999998,3.592,2.7359999999999998,2.689,2.7359999999999998,2.7359999999999998,1.3679999999999999,2.7359999999999998,2.7359999999999998,2.775,2.7359999999999998,3.348,3.675,2.7359999999999998,2.7359999999999998,2.7359999999999998,3.097,2.7359999999999998,2.7359999999999998
I,3.261,3.418,2.314,2.814,3.616,3.057,1.3679999999999999,2.7359999999999998,3.182,2.2640000000000002,2.6310000000000002,2.982,3.534,3.524,3.064,2.9699999999999998,3.397,2.284,2.005,2.7359999999999998
K,2.7359999999999998,2.7359999999999998,3.099,2.7359999999999998,3.719,2.7359999999999998,2.7359999999999998,3.182,2.7359999999999998,2.7359999999999998,2.1639999999999997,2.7359999999999998,3.819,3.338,2.7359999999999998,2.532,2.7359999999999998,2.766,2.7359999999999998,2.7359999999999998
L,2.7359999999999998,2.7359999999999998,2.912,2.7359999999999998,3.9,2.7359999999999998,2.7359999999999998,2.2640000000000002,2.7359999999999998,2.7359999999999998,2.5220000000000002,2.7359999999999998,3.314,3.364,2.7359999999999998,2.0229999999999997,2.7359999999999998,2.8899999999999997,2.7359999999999998,2.7359999999999998
M,2.768,3.445,2.9859999999999998,2.698,3.515,2.948,2.775,2.6310000000000002,2.1639999999999997,2.5220000000000002,2.7359999999999998,2.9699999999999998,3.9,1.835,2.475,1.73,2.8899999999999997,3.134,3.202,2.7359999999999998
N,2.7359999999999998,2.7359999999999998,2.585,2.7359999999999998,3.152,2.7359999999999998,2.7359999999999998,2.982,2.7359999999999998,2.7359999999999998,2.9699999999999998,2.7359999999999998,3.54,3.501,2.7359999999999998,2.5949999999999998,2.7359999999999998,2.642,2.7359999999999998,2.7359999999999998
P,3.899,3.454,3.407,1.424,3.214,3.506,3.348,3.534,3.819,3.314,3.9,3.54,2.7359999999999998,2.833,2.231,3.7,3.702,3.195,2.332,2.7359999999999998
Q,2.269,2.028,4.63,3.397,2.842,3.737,3.675,3.524,3.338,3.364,1.835,3.501,2.833,2.7359999999999998,4.068,3.131,2.958,2.2350000000000003,2.178,2.7359999999999998
R,2.7359999999999998,2.7359999999999998,2.917,2.7359999999999998,1.561,2.7359999999999998,2.7359999999999998,3.064,2.7359999999999998,2.7359999999999998,2.475,2.7359999999999998,2.231,4.068,2.7359999999999998,2.952,2.7359999999999998,3.638,2.7359999999999998,2.7359999999999998
S,2.628,2.4619999999999997,3.268,2.415,3.148,2.608,2.7359999999999998,2.9699999999999998,2.532,2.0229999999999997,1.73,2.5949999999999998,3.7,3.131,2.952,2.7359999999999998,2.649,1.395,3.009,2.7359999999999998
T,2.7359999999999998,2.7359999999999998,3.843,2.7359999999999998,2.717,2.7359999999999998,2.7359999999999998,3.397,2.7359999999999998,2.7359999999999998,2.8899999999999997,2.7359999999999998,3.702,2.958,2.7359999999999998,2.649,2.7359999999999998,2.066,2.7359999999999998,2.7359999999999998
V,1.451,1.025,3.676,1.643,2.7119999999999997,1.817,3.097,2.284,2.766,2.8899999999999997,3.134,2.642,3.195,2.2350000000000003,3.638,1.395,2.066,2.7359999999999998,3.987,2.7359999999999998
W,2.7359999999999998,2.7359999999999998,2.392,2.7359999999999998,1.6560000000000001,2.7359999999999998,2.7359999999999998,2.005,2.7359999999999998,2.7359999999999998,3.202,2.7359999999999998,2.332,2.178,2.7359999999999998,3.009,2.7359999999999998,3.987,2.7359999999999998,2.7359999999999998
Y,2.7359999999999998,2.7359999999999998,2.7359999999999998,2.7359999999999998,2.7359999999999998,2.7359999999999998,2.7359999999999998,2.7359999999999998,2.7359999999999998,2.7359999999999998,2.7359999999999998,2.7359999999999998,2.7359999999999998,2.7359999999999998,2.7359999999999998,2.7359999999999998,2.7359999999999998,2.7359999999999998,2.7359999999999998,2.7359999999999998
