,A,C,D,E,F,G,H,I,K,L,M,N,P,Q,R,S,T,V,W,Y
A,1.966,1.966,1.966,1.966,0.579,1.877,1.966,1.966,1.966,1.4889999999999999,1.966,1.966,1.807,1.966,1.966,1.966,1.966,-0.911,1.966,1.966
C,1.966,1.966,1.966,1.966,4.2330000000000005,3.187,1.966,1.966,1.966,-0.982,1.966,1.966,1.295,1.966,1.966,1.966,1.966,-0.7549999999999999,1.966,1.966
D,1.966,1.966,1.966,1.966,1.2530000000000001,3.366,1.966,1.966,1.966,2.552,1.966,1.966,1.499,1.966,1.966,1.966,1.966,0.735,1.966,1.966
E,1.966,1.966,1.966,1.966,1.252,2.411,1.966,1.966,1.966,2.725,1.966,1.966,1.966,1.966,1.966,1.966,1.966,3.577,1.966,1.966
F,0.579,4.2330000000000005,1.2530000000000001,1.252,1.966,1.206,0.834,4.18,3.084,1.736,1.218,3.417,2.901,1.513,2.418,1.5779999999999998,3.114,2.957,0.832,1.966
G,1.877,3.187,3.366,2.411,1.206,1.966,3.274,3.426,3.924,2.879,2.307,1.966,3.792,3.32,3.796,3.156,3.475,0.72,1.7,1.966
H,1.966,1.966,1.966,1.966,0.834,3.274,1.966,1.966,1.966,2.935,1.966,1.966,1.984,1.966,1.966,1.966,1.966,3.494,1.966,1.966
I,1.966,1.966,1.966,1.966,4.18,3.426,1.966,1.966,1.966,1.3940000000000001,1.966,1.966,0.604,1.966,1.966,1.966,1.966,1.293,1.966,1.966
K,1.966,1.966,1.966,1.966,3.084,3.924,1.966,1.966,1.966,3.755,1.966,1.966,2.032,1.966,1.966,1.966,1.966,4.006,1.966,1.966
L,1.4889999999999999,-0.982,2.552,2.725,1.736,2.879,2.935,1.3940000000000001,3.755,1.966,1.532,0.7150000000000001,1.967,-0.546,1.17,-0.08600000000000008,-1.096,1.935,3.78,1.966
M,1.966,1.966,1.966,1.966,1.218,2.307,1.966,1.966,1.966,1.532,1.966,1.966,3.385,1.966,1.966,1.966,1.966,2.042,1.966,1.966
N,1.966,1.966,1.966,1.966,3.417,1.966,1.966,1.966,1.966,0.7150000000000001,1.966,1.966,4.071,1.966,1.966,1.966,1.966,-0.863,1.966,1.966
P,1.807,1.295,1.499,1.966,2.901,3.792,1.984,0.604,2.032,1.967,3.385,4.071,1.966,3.498,3.371,3.467,1.575,1.7610000000000001,3.275,1.966
Q,1.966,1.966,1.966,1.966,1.513,3.32,1.966,1.966,1.966,-0.546,1.966,1.966,3.498,1.966,1.966,1.966,1.966,1.217,1.966,1.966
R,1.966,1.966,1.966,1.966,2.418,3.796,1.966,1.966,1.966,1.17,1.966,1.966,3.371,1.966,1.966,1.966,1.966,3.346,1.966,1.966
S,1.966,1.966,1.966,1.966,1.5779999999999998,3.156,1.966,1.966,1.966,-0.08600000000000008,1.966,1.966,3.467,1.966,1.966,1.966,1.966,-0.4099999999999999,1.966,1.966
T,1.966,1.966,1.966,1.966,3.114,3.475,1.966,1.966,1.966,-1.096,1.966,1.966,1.575,1.966,1.966,1.966,1.966,-1.189,1.966,1.966
V,-0.911,-0.7549999999999999,0.735,3.577,2.957,0.72,3.494,1.293,4.006,1.935,2.042,-0.863,1.7610000000000001,1.217,3.346,-0.4099999999999999,-1.189,1.966,1.6099999999999999,1.966
W,1.966,1.966,1.966,1.966,0.832,1.7,1.966,1.966,1.966,3.78,1.966,1.966,3.275,1.966,1.966,1.966,1.966,1.6099999999999999,1.966,1.966
Y,1.966,1.966,1.966,1.966,1.966,1.966,1.966,1.966,1.966,1.966,1.966,1.966,1.966,1.966,1.966,1.966,1.966,1.966,1.966,1.966
