,A,C,D,E,F,G,H,I,K,L,M,N,P,Q,R,S,T,V,W,Y
A,3.464,3.464,1.874,3.464,3.464,3.464,3.464,3.464,3.464,4.843,2.8680000000000003,4.445,2.2030000000000003,1.311,3.464,3.464,1.762,3.464,3.464,3.464
C,3.464,3.464,4.052,3.464,3.464,3.464,3.464,3.464,3.464,3.514,1.213,4.5,4.535,3.232,3.464,3.464,4.343,3.464,3.464,3.464
D,1.874,4.052,3.464,5.71,3.182,4.977,4.523,2.855,5.268,4.6080000000000005,3.662,5.044,5.295,5.857,4.49,5.096,2.8200000000000003,4.431,4.099,3.464
E,3.464,3.464,5.71,3.464,3.464,3.464,3.464,3.464,3.464,4.466,5.027,4.939,5.015,4.12,3.464,3.464,4.8740000000000006,3.464,3.464,3.464
F,3.464,3.464,3.182,3.464,3.464,3.464,3.464,3.464,3.464,4.13,4.5,4.0920000000000005,4.34,4.055,3.464,3.464,3.981,3.464,3.464,3.464
G,3.464,3.464,4.977,3.464,3.464,3.464,3.464,3.464,3.464,4.356,2.31,4.543,4.631,5.214,3.464,3.464,3.91,3.464,3.464,3.464
H,3.464,3.464,4.523,3.464,3.464,3.464,3.464,3.464,3.464,2.1559999999999997,4.8,5.184,4.784,6.261,3.464,3.464,4.1419999999999995,3.464,3.464,3.464
I,3.464,3.464,2.855,3.464,3.464,3.464,3.464,3.464,3.464,3.825,3.917,4.168,2.633,1.8319999999999999,3.464,3.464,1.086,3.464,3.464,3.464
K,3.464,3.464,5.268,3.464,3.464,3.464,3.464,3.464,3.464,4.737,0.07299999999999995,5.074,5.283,4.961,3.464,3.464,4.693,3.464,3.464,3.464
L,4.843,3.514,4.6080000000000005,4.466,4.13,4.356,2.1559999999999997,3.825,4.737,3.464,1.304,4.564,2.208,2.311,4.814,4.659,2.1870000000000003,2.989,5.297,3.464
M,2.8680000000000003,1.213,3.662,5.027,4.5,2.31,4.8,3.917,0.07299999999999995,1.304,3.464,3.944,2.965,0.877,-0.264,2.52,5.11,3.706,3.522,3.464
N,4.445,4.5,5.044,4.939,4.0920000000000005,4.543,5.184,4.168,5.074,4.564,3.944,3.464,5.074,5.363,4.711,5.529,2.996,4.1129999999999995,3.988,3.464
P,2.2030000000000003,4.535,5.295,5.015,4.34,4.631,4.784,2.633,5.283,2.208,2.965,5.074,3.464,2.5949999999999998,4.864,4.984999999999999,3.276,1.209,4.6579999999999995,3.464
Q,1.311,3.232,5.857,4.12,4.055,5.214,6.261,1.8319999999999999,4.961,2.311,0.877,5.363,2.5949999999999998,3.464,3.832,4.5760000000000005,2.48,0.16200000000000003,3.708,3.464
R,3.464,3.464,4.49,3.464,3.464,3.464,3.464,3.464,3.464,4.814,-0.264,4.711,4.864,3.832,3.464,3.464,4.258,3.464,3.464,3.464
S,3.464,3.464,5.096,3.464,3.464,3.464,3.464,3.464,3.464,4.659,2.52,5.529,4.984999999999999,4.5760000000000005,3.464,3.464,1.588,3.464,3.464,3.464
T,1.762,4.343,2.8200000000000003,4.8740000000000006,3.981,3.91,4.1419999999999995,1.086,4.693,2.1870000000000003,5.11,2.996,3.276,2.48,4.258,1.588,3.464,0.519,5.433,3.464
V,3.464,3.464,4.431,3.464,3.464,3.464,3.464,3.464,3.464,2.989,3.706,4.1129999999999995,1.209,0.16200000000000003,3.464,3.464,0.519,3.464,3.464,3.464
W,3.464,3.464,4.099,3.464,3.464,3.464,3.464,3.464,3.464,5.297,3.522,3.988,4.6579999999999995,3.708,3.464,3.464,5.433,3.464,3.464,3.464
Y,3.464,3.464,3.464,3.464,3.464,3.464,3.464,3.464,3.464,3.464,3.464,3.464,3.464,3.464,3.464,3.464,3.464,3.464,3.464,3.464
