,A,C,D,E,F,G,H,I,K,L,M,N,P,Q,R,S,T,V,W,Y
A,0.0,4.742857142857147,7.6318125,4.5867249999999995,7.225636363636353,3.9837499999999997,5.1549230769230725,6.837750000000001,5.889,6.96825,4.848593749999999,6.195681818181831,3.247708333333326,3.650340909090916,6.8497,2.415000000000001,3.8775,3.2453125,8.457235294117648,7.113437499999989
C,4.742857142857147,0.0,6.989400000000004,9.851228571428567,6.65707792207791,5.794666666666674,8.090076923076928,5.55156250000001,9.212657142857148,5.268598214285708,4.5719999999999885,7.3078441558441405,7.1159523809523835,5.505545454545445,7.351457142857147,4.084857142857144,5.247333333333336,2.3007678571428616,7.081411764705884,6.621428571428563
D,7.6318125,6.989400000000004,0.0,2.1433600000000004,9.063000000000002,7.722866666666658,5.5824,8.9388,5.4485600000000005,9.5832,10.164,2.9282727272727267,7.11875,5.886872727272735,8.532,6.228933333333347,6.7420888888888815,12.351600000000001,9.329294117647047,8.31725000000001
E,4.5867249999999995,9.851228571428567,2.1433600000000004,0.0,8.860909090909093,8.562666666666678,4.469538461538447,10.965,3.914,10.161750000000001,6.0265,4.5892363636363696,5.4245333333333425,2.1462545454545467,5.221439999999999,5.441333333333345,5.9297333333333215,7.7488125,5.5799999999999965,8.31725000000001
F,7.225636363636353,6.65707792207791,9.063000000000002,8.860909090909093,0.0,6.82215151515151,5.165979020979012,5.0315909090909186,8.671854545454536,3.977,4.015818181818176,8.539140495867759,8.847954545454542,7.2035041322314175,9.102109090909082,6.78787878787878,7.149898989898982,8.149750000000001,2.88,1.3109090909090901
G,3.9837499999999997,5.794666666666674,7.722866666666658,8.562666666666678,6.82215151515151,0.0,7.894743589743603,10.153250000000002,7.949666666666655,10.19244444444445,7.749185185185172,5.6549999999999825,8.245000000000001,7.2720808080807995,8.954666666666679,4.4456296296296385,7.794024691358016,8.824888888888895,5.920627450980398,9.727777777777783
H,5.1549230769230725,8.090076923076928,5.5824,4.469538461538447,5.165979020979012,7.894743589743603,0.0,5.9163461538461455,5.6176,8.39178846153847,5.843423076923072,3.4,7.045846153846148,2.9429370629370624,3.462630769230756,5.855179487179484,6.4486666666666705,10.367307692307676,5.859366515837106,2.614615384615384
I,6.837750000000001,5.55156250000001,8.9388,10.965,5.0315909090909186,10.153250000000002,5.9163461538461455,0.0,9.9232,1.2841875,2.4744270833333326,7.949659090909097,6.9439062499999995,7.112954545454533,8.485125,6.1425000000000045,3.4649999999999936,0.741,6.099058823529413,6.18
K,5.889,9.212657142857148,5.4485600000000005,3.914,8.671854545454536,7.949666666666655,5.6176,9.9232,0.0,8.1984,5.962133333333344,4.4483999999999995,6.374875,2.6810181818181835,1.92374,5.478000000000012,6.397733333333321,7.102874999999999,8.804117647058817,6.56625
L,6.96825,5.268598214285708,9.5832,10.161750000000001,3.977,10.19244444444445,8.39178846153847,1.2841875,8.1984,0.0,1.2440625,10.373522727272734,8.80828125,3.7392727272727213,8.7472,8.621666666666677,3.3583333333333387,2.487,6.792500000000006,6.18
M,4.848593749999999,4.5719999999999885,10.164,6.0265,4.015818181818176,7.749185185185172,5.843423076923072,2.4744270833333326,5.962133333333344,1.2440625,0.0,6.389939393939392,6.659041666666653,3.349075757575761,5.028800000000009,5.315555555555567,4.68416666666668,3.056,6.458117647058816,6.20145833333332
N,6.195681818181831,7.3078441558441405,2.9282727272727267,4.5892363636363696,8.539140495867759,5.6549999999999825,3.4,7.949659090909097,4.4483999999999995,10.373522727272734,6.389939393939392,0.0,7.121454545454544,4.575867768595045,5.258618181818189,3.357,4.073939393939387,7.320681818181823,8.621122994652413,6.367272727272725
P,3.247708333333326,7.1159523809523835,7.11875,5.4245333333333425,8.847954545454542,8.245000000000001,7.045846153846148,6.9439062499999995,6.374875,8.80828125,6.659041666666653,7.121454545454544,0.0,6.916363636363642,6.93175,5.490000000000011,7.116296296296311,5.517750000000001,9.235294117647047,7.74645833333332
Q,3.650340909090916,5.505545454545445,5.886872727272735,2.1462545454545467,7.2035041322314175,7.2720808080807995,2.9429370629370624,7.112954545454533,2.6810181818181835,3.7392727272727213,3.349075757575761,4.575867768595045,6.916363636363642,0.0,3.682,5.028111111111095,6.5214545454545565,5.069999999999992,5.031529411764704,5.6181818181818235
R,6.8497,7.351457142857147,8.532,5.221439999999999,9.102109090909082,8.954666666666679,3.462630769230756,8.485125,1.92374,8.7472,5.028800000000009,5.258618181818189,6.93175,3.682,0.0,5.948799999999989,6.200133333333322,8.7976,8.2608,6.56625
S,2.415000000000001,4.084857142857144,6.228933333333347,5.441333333333345,6.78787878787878,4.4456296296296385,5.855179487179484,6.1425000000000045,5.478000000000012,8.621666666666677,5.315555555555567,3.357,5.490000000000011,5.028111111111095,5.948799999999989,0.0,1.5462222222222215,4.446000000000007,8.593568627450988,6.809444444444433
T,3.8775,5.247333333333336,6.7420888888888815,5.9297333333333215,7.149898989898982,7.794024691358016,6.4486666666666705,3.4649999999999936,6.397733333333321,3.3583333333333387,4.68416666666668,4.073939393939387,7.116296296296311,6.5214545454545565,6.200133333333322,1.5462222222222215,0.0,1.70125,7.557019607843145,6.809444444444433
V,3.2453125,2.3007678571428616,12.351600000000001,7.7488125,8.149750000000001,8.824888888888895,10.367307692307676,0.741,7.102874999999999,2.487,3.056,7.320681818181823,5.517750000000001,5.069999999999992,8.7976,4.446000000000007,1.70125,0.0,7.238323529411772,7.113437499999989
W,8.457235294117648,7.081411764705884,9.329294117647047,5.5799999999999965,2.88,5.920627450980398,5.859366515837106,6.099058823529413,8.804117647058817,6.792500000000006,6.458117647058816,8.621122994652413,9.235294117647047,5.031529411764704,8.2608,8.593568627450988,7.557019607843145,7.238323529411772,0.0,2.272058823529412
Y,7.113437499999989,6.621428571428563,8.31725000000001,8.31725000000001,1.3109090909090901,9.727777777777783,2.614615384615384,6.18,6.56625,6.18,6.20145833333332,6.367272727272725,7.74645833333332,5.6181818181818235,6.56625,6.809444444444433,6.809444444444433,7.113437499999989,2.272058823529412,0.0
